# Hubbard model DMRG. This file contains many sizes. nmax=4, μ0=0.8, nsweeps=20, cutoff=[1.0e-8]
# L; J; E; Γ; eΓ; [calculated 2025-02-16T06:27:05.275]
10; 0.0; -7.999999999999999; [0.0, 0.0, 0.0]; [0.0, 0.0, 0.0];
10; 0.007142857142857143; -8.001836609664515; [0.028568508753167222, 2.9137224088082914e-5, 2.9048823278745233e-8]; [1.0040857482168079e-11, 1.9282820536075957e-11, 1.9282820536075957e-11];
10; 0.014285714285714285; -8.007344934399528; [0.05711939373690755, 0.00023268183137176667, 9.265527210783285e-7]; [3.6198292775851554e-10, 5.654040427938203e-10, 5.654040427938203e-10];
10; 0.02142857142857143; -8.016520432160933; [0.08563450674688616, 0.0007829641611693791, 6.998068148517705e-6]; [3.407533316388613e-9, 9.184974241738241e-9, 9.184974241738241e-9];
10; 0.02857142857142857; -8.029355499403174; [0.11409547525971979, 0.0020285498670867814, 4.353773070219147e-5]; [2.2291975426589483e-8, 2.0176248036603124e-8, 2.0176248036603124e-8];
10; 0.03571428571428571; -8.045839807881572; [0.14248738199095773, 0.003953334073605025, 0.00013249952597710652]; [7.48755211440927e-8, 5.946452659105695e-9, 5.946452659105695e-9];
10; 0.04285714285714286; -8.065959121535606; [0.17078550663790043, 0.00678931641507776, 0.0003255614622993986]; [2.593452378742115e-7, 4.131815982720619e-8, 4.131815982720619e-8];
10; 0.05; -8.08969648115974; [0.19897102807478834, 0.010702383566465043, 0.0006931789765329103]; [7.325396383562891e-7, 1.1587649145001808e-7, 1.1587649145001808e-7];
10; 0.05714285714285714; -8.117031389346888; [0.2270218615127802, 0.015839929906878294, 0.0013280252309103094]; [1.7782042090917628e-6, 4.0882298183409414e-7, 4.0882298183409414e-7];
10; 0.06428571428571428; -8.147939909240721; [0.2549153323972926, 0.022358254506702605, 0.0023606270710505527]; [3.995797241978827e-6, 1.1225653194304636e-6, 1.1225653194304636e-6];
10; 0.07142857142857142; -8.182394327039841; [0.2826251351600927, 0.030342844921700737, 0.003914633242322496]; [7.658310629226965e-6, 2.738429902447036e-6, 2.738429902447036e-6];
10; 0.07857142857142857; -8.220363179225282; [0.31012501135251247, 0.039934505027002055, 0.006187026658552006]; [1.4126432324805222e-5, 6.007153241104131e-6, 6.007153241104131e-6];
10; 0.08571428571428572; -8.26181088161143; [0.3373843631062781, 0.051169770650541034, 0.009321436233430295]; [2.4039303266586497e-5, 1.1776409649469205e-5, 1.1776409649469205e-5];
10; 0.09285714285714286; -8.522526117572747; [0.712109166203198, 0.4316142615013879, 0.33181380024986085]; [0.0466373204853299, 0.04030350105367301, 0.04030350105367301];
10; 0.1; -8.646699276241826; [0.9490045914068237, 0.6555384330272621, 0.5254182382960587]; [0.020308971743324886, 0.01658080366397121, 0.01658080366397121];
10; 0.10714285714285714; -8.718629725315042; [0.7926454074406437, 0.529080729839544, 0.4470918748422631]; [0.02804364897416933, 0.012017681365246266, 0.012017681365246266];
10; 0.11428571428571428; -8.876498617599871; [0.94623267879792, 0.65823259375601, 0.5316744243558741]; [0.014483009084996952, 0.01004110732002503, 0.01004110732002503];
10; 0.12142857142857143; -9.006202480285623; [0.9307500270024404, 0.6607863973269663, 0.5311414920214074]; [0.009370669961320258, 0.0031532747853036396, 0.0031532747853036396];
10; 0.12857142857142856; -9.147473470611793; [1.0153596215638816, 0.7340525599768357, 0.6026555241580576]; [0.013201064302277903, 0.01183510734052744, 0.01183510734052744];
10; 0.1357142857142857; -9.276696048247745; [1.029431600523246, 0.7514419239090953, 0.6202329985900067]; [0.011680803716161621, 0.01075076149945984, 0.01075076149945984];
10; 0.14285714285714285; -9.409507411279513; [1.0460421662937889, 0.7709020509594083, 0.6396886534004702]; [0.010882711658843651, 0.010167613855409482, 0.010167613855409482];
10; 0.15; -9.54280403342653; [1.0598691278702517, 0.787964887316058, 0.6570021152209685]; [0.00982787313486159, 0.009373683557850048, 0.009373683557850048];
10; 0.15714285714285714; -9.677676121538402; [1.0730526934958415, 0.804392867326014, 0.673764248632026]; [0.008893262506264042, 0.008661110649436504, 0.008661110649436504];
10; 0.16428571428571428; -9.814856027746599; [1.0951437726862367, 0.8284011851385826, 0.6981224204843668]; [0.006617508645320183, 0.0067389719807924384, 0.0067389719807924384];
10; 0.17142857142857143; -9.954185965333767; [1.1087058834226906, 0.8451073356053563, 0.7154590566317194]; [0.005819569658638173, 0.006023286825497672, 0.006023286825497672];
10; 0.17857142857142858; -10.112719758834062; [1.1718108297095315, 0.9049474038579097, 0.7754466085145726]; [0.0012867180334546553, 0.0002333022242468148, 0.0002333022242468148];
10; 0.18571428571428572; -10.267261111431567; [1.195565609250227, 0.9306848870658605, 0.801657706854644]; [0.0022183457296727793, 0.0007905299668765224, 0.0007905299668765224];
10; 0.19285714285714287; -10.425645811750357; [1.2160888164544146, 0.9527817599689228, 0.8236160170508563]; [0.002810144015537443, 0.0014311287030622632, 0.0014311287030622632];
10; 0.2; -10.579958485613714; [1.2264176023528188, 0.9663261677490177, 0.8374531696154608]; [0.002424943662846474, 0.0010531175683089658, 0.0010531175683089658];
10; 0.20714285714285716; -10.734710310052641; [1.2385414962487225, 0.981436965951242, 0.8531840070314727]; [0.00208157587754852, 0.0005532338544782503, 0.0005532338544782503];
10; 0.21428571428571427; -10.892024969704904; [1.2462131306753068, 0.9923120341807795, 0.8642131643155874]; [0.0017922965025252164, 0.0003958352306025418, 0.0003958352306025418];
10; 0.22142857142857142; -11.055723039051095; [1.3342820784238212, 1.072402204804242, 0.939725628037315]; [0.000995550896990079, 0.0016875316974986415, 0.0016875316974986415];
10; 0.22857142857142856; -11.225434463597677; [1.345161848582905, 1.0861537221455253, 0.9539862429520515]; [0.0009820397403993077, 0.0016897585772357386, 0.0016897585772357386];
10; 0.2357142857142857; -11.395008875520181; [1.3511614488633936, 1.0956270724867954, 0.9642541432382032]; [0.0009216781004394808, 0.0015019769434474499, 0.0015019769434474499];
10; 0.24285714285714285; -11.566794792076227; [1.3605316056801122, 1.1077191698281956, 0.976952866827868]; [0.0008819077045462711, 0.0015967194737723245, 0.0015967194737723245];
10; 0.25; -11.733159636379229; [1.3597087536973869, 1.1109270480459987, 0.9812533260922892]; [0.0008378758330286349, 0.0015138904684169506, 0.0015138904684169506];
10; 0.2571428571428571; -11.913789023364007; [1.3781970494548956, 1.1307367045694627, 1.0011711341759797]; [0.0008858510409023738, 0.001615313369616225, 0.001615313369616225];
10; 0.2642857142857143; -12.088169180805; [1.3856383616021155, 1.1408567265824103, 1.0119663965965835]; [0.0008820266583898101, 0.0016058886066632496, 0.0016058886066632496];
10; 0.2714285714285714; -12.263392664129055; [1.3927954773013547, 1.1506090424401723, 1.0223852704273177]; [0.0008819710535694879, 0.001598529221619502, 0.001598529221619502];
10; 0.2785714285714286; -12.439432917977582; [1.399625850345566, 1.1599626707113468, 1.0324064761934808]; [0.0008835017750921036, 0.0015891147519240896, 0.0015891147519240896];
10; 0.2857142857142857; -12.620675065421862; [1.4453211945172943, 1.2028475018012026, 1.0729330179308618]; [0.001106236136151569, 0.0018381101727798926, 0.0018381101727798926];
10; 0.29285714285714287; -12.813558551977245; [1.4928976144902137, 1.2473242699853282, 1.1151880048964136]; [0.0012441355744778717, 0.0020042997645460907, 0.0020042997645460907];
10; 0.3; -13.002662856934757; [1.4996763849036303, 1.2563639571114946, 1.1250284913586708]; [0.0012075356733320121, 0.0019333320542335992, 0.0019333320542335992];
10; 0.30714285714285716; -13.19059479817684; [1.5023018061611038, 1.2616857072753058, 1.1314146784497339]; [0.0011466102429048032, 0.0018997033323295762, 0.0018997033323295762];
10; 0.3142857142857143; -13.382275103201374; [1.510879850053969, 1.2720712551165938, 1.142417544180536]; [0.0011204964821501246, 0.0018670688586890506, 0.0018670688586890506];
10; 0.32142857142857145; -13.574027779260406; [1.51748414393576, 1.2805834781262704, 1.151590804360248]; [0.0010739659430841308, 0.0018142259804029017, 0.0018142259804029017];
10; 0.32857142857142857; -13.766081795900593; [1.5232007996324202, 1.2882851486843394, 1.1600257446808704]; [0.0010412076908559904, 0.0017776836821550759, 0.0017776836821550759];
10; 0.3357142857142857; -13.94795022884583; [1.5667707467838838, 1.3278989479287733, 1.1982948820965476]; [0.000821111063536278, 0.001495447259287488, 0.001495447259287488];
10; 0.34285714285714286; -14.151319082367662; [1.5350904066953721, 1.3037899495348093, 1.1769323115338577]; [0.0009610116709807304, 0.0016870491448987021, 0.0016870491448987021];
10; 0.35; -14.349797737478225; [1.59438729690253, 1.3566756625422176, 1.2275723772214655]; [0.0007652694354495005, 0.0014056513203891219, 0.0014056513203891219];
20; 0.0; -16.000000000000004; [0.0, 0.0, 0.0, 0.0, 0.0]; [0.0, 0.0, 0.0, 0.0, 0.0];
20; 0.007142857142857143; -16.003877321757393; [0.028568508757961717, 2.9137209476079544e-5, 2.9048796250413693e-8, 2.8877134976732545e-11, 2.869581982665179e-14]; [4.477352374860802e-12, 9.758819963054793e-12, 1.3853590554128973e-14, 1.3960535666015644e-17, 1.3960535666015644e-17];
20; 0.014285714285714285; -16.015506526669736; [0.05711939392570015, 0.00023268155739892592, 9.265508129331035e-7, 3.678945194291296e-9, 1.460213332899722e-11]; [1.277710200072109e-10, 2.3648556204051824e-10, 1.3184447610254721e-12, 5.362445041819091e-15, 5.362445041819091e-15];
20; 0.02142857142857143; -16.034879264653; [0.08563450798349855, 0.0007829523307959686, 6.99787073727268e-6, 6.236557817181797e-8, 5.556013226954921e-10]; [8.216285818496253e-10, 1.3341373656336862e-9, 1.6271690325549156e-11, 1.5944764949376397e-13, 1.5944764949376397e-13];
20; 0.02857142857142857; -16.061981543011225; [0.11409549758043462, 0.0020285616775445633, 4.353899407351198e-5, 9.712903705493489e-7, 2.17976872799678e-8]; [7.113962650667594e-12, 1.0690998354293463e-12, 6.341907427762367e-14, 1.765789156125164e-15, 1.765789156125164e-15];
20; 0.03571428571428571; -16.096794511478446; [0.14248743933168292, 0.003953343082354853, 0.00013250098561844458, 4.616787957575809e-6, 1.6183339670102133e-7]; [1.6780930986873684e-11, 8.872594067013194e-10, 6.082530774703982e-11, 3.3961153665272294e-12, 3.3961153665272294e-12];
20; 0.04285714285714286; -16.13929169115375; [0.17078570936695814, 0.006789364805319301, 0.0003255720186532415, 1.622499484836585e-5, 8.134018932323201e-7]; [3.539572044653973e-11, 2.359430142107275e-9, 2.766551867577865e-10, 2.0898812538396906e-11, 2.0898812538396906e-11];
20; 0.05; -16.189441752597418; [0.19897161478699318, 0.010702545741584088, 0.0006932186646566587, 4.6643629095559446e-5, 3.1569443353859105e-6]; [3.7658606345650547e-10, 1.4373588811032275e-8, 1.9420321473853665e-9, 1.9191793794692112e-10, 1.9191793794692112e-10];
20; 0.05714285714285714; -16.247206602844216; [0.22702332776903514, 0.01584054211455634, 0.0013282482685432482, 0.00011564206257683045, 1.012672670080027e-5]; [5.970484637828755e-10, 1.164296290093129e-8, 2.399874509687349e-9, 3.070742505032576e-10, 3.070742505032576e-10];
20; 0.06428571428571428; -16.31254167872492; [0.25491875795598296, 0.022360074191562187, 0.002361446235148769, 0.0002592791380378196, 2.8643601743418728e-5]; [2.9634917689597748e-9, 2.0057415165932436e-8, 6.014776432250893e-9, 9.63048499309722e-10, 9.63048499309722e-10];
20; 0.07142857142857142; -16.385394888758192; [0.2826319181592025, 0.030347361263462717, 0.003917100510313647, 0.0005255421448829137, 7.094498319091852e-5]; [9.398840719000694e-9, 2.9946821341001637e-8, 6.890745031900246e-9, 3.3424879525070704e-10, 3.3424879525070704e-10];
20; 0.07857142857142857; -16.46570724501184; [0.3101381132358817, 0.03994522056108448, 0.006194071737442252, 0.0009998436490684512, 0.000162460417954429]; [3.159221807870185e-8, 1.853229576903805e-8, 3.984561899319854e-8, 1.4578108532880206e-9, 1.4578108532880206e-9];
20; 0.08571428571428572; -16.90634751601673; [0.6566500984540223, 0.4260948999268006, 0.3421440361251831, 0.29403406293306283, 0.2594751318821077]; [0.008430547822615826, 0.009320589813363781, 0.005295188300153629, 0.003092953618438022, 0.003092953618438022];
20; 0.09285714285714286; -17.14991212885598; [0.7592225749676829, 0.5161837148460336, 0.4228963578958457, 0.3702278160454127, 0.32854927065199263]; [0.00838830728281318, 0.004770795162441843, 0.005048298129705967, 0.004385300130982501, 0.004385300130982501];
20; 0.1; -17.435653900890927; [0.8587215146566424, 0.5955978155622249, 0.4927464823856528, 0.4307387767510626, 0.3816919397144417]; [0.005667187818256113, 0.0015970070769204506, 0.004175817421982769, 0.001841851891942232, 0.001841851891942232];
20; 0.10714285714285714; -17.677800229239015; [0.9014037326763922, 0.6346445764889778, 0.5294898396510079, 0.4639073105694591, 0.4117349854218729]; [0.003740883884570465, 0.001775335984546282, 0.0014369932719658766, 0.0027090546799955293, 0.0027090546799955293];
20; 0.11428571428571428; -17.93187133394616; [0.936581252149035, 0.6692386559450583, 0.5637255164393616, 0.4976426737676675, 0.44538678572839796]; [0.005223153889311326, 0.0019262824760261992, 0.0017478614101729287, 0.00416545607469266, 0.00416545607469266];
20; 0.12142857142857143; -18.190128429006254; [0.9734152072018412, 0.7049582139309714, 0.5975832196340931, 0.5308074447647103, 0.4804215297046097]; [0.0017032585117068612, 0.0012630823847463682, 0.0013371254592672815, 0.001574903987788892, 0.001574903987788892];
20; 0.12857142857142856; -18.463835891409637; [1.0088581439204851, 0.7400228793534025, 0.6311046799471295, 0.5636690083498516, 0.5144354295773158]; [0.0027514549060913026, 0.0017464381253874508, 0.0009995891648005382, 0.0003220159154798727, 0.0003220159154798727];
20; 0.1357142857142857; -18.73684985002376; [1.0251468893460542, 0.7592310945058539, 0.6502642832032313, 0.5824471076643779, 0.5325072260380919]; [0.0021956878166588044, 0.0014039664012789426, 0.000869310672314268, 0.00024231319814140288, 0.00024231319814140288];
20; 0.14285714285714285; -19.01717650763771; [1.0575961885489908, 0.792125922985963, 0.6820551815755846, 0.6131085770404838, 0.5617345309355961]; [0.0010763735742387133, 0.0004846332914783291, 0.0005541828249834471, 0.000716700521295871, 0.000716700521295871];
20; 0.15; -19.312145404174785; [1.0910248474223891, 0.8259857849986264, 0.7148501954845284, 0.6447832854076124, 0.5920683797338868]; [0.0020543203983477898, 0.0016050507773119579, 0.0013553676924058788, 0.0010999285719522443, 0.0010999285719522443];
20; 0.15714285714285714; -19.60899445966352; [1.10611606249987, 0.8442403355110397, 0.7333987751301616, 0.6633195469436667, 0.6103576470258744]; [0.0018994176069240273, 0.001507870641695552, 0.0012723624981586304, 0.0009838873155779949, 0.0009838873155779949];
20; 0.16428571428571428; -19.90805820682588; [1.1242867238480427, 0.8649504888024359, 0.7541277572503857, 0.6837436592697417, 0.6301308028463148]; [0.0011714529637763067, 0.0009915822998426338, 0.0008586293511540576, 0.00044951129169417347, 0.00044951129169417347];
20; 0.17142857142857143; -20.22090388539771; [1.1697201047253811, 0.9089264592172902, 0.7963685794634937, 0.7243543484278193, 0.6684633403275391]; [0.0013205839639505732, 0.0014632628746745115, 0.0015232966421357956, 0.001518937006113542, 0.001518937006113542];
20; 0.17857142857142858; -20.53807005723285; [1.1825109693855789, 0.9250268099420861, 0.8129530567493258, 0.741059838262219, 0.6850818266168938]; [0.001212297266633867, 0.0013665843771198717, 0.0014863959758383701, 0.0014035342274751946, 0.0014035342274751946];
20; 0.18571428571428572; -20.857752834450714; [1.1934331532891491, 0.9393699673620022, 0.8279182233830177, 0.756202577518389, 0.7003045031412064]; [0.001048519077949718, 0.0012484152346737898, 0.0013736488360286498, 0.00127041620424184, 0.00127041620424184];
20; 0.19285714285714287; -21.180185218645295; [1.2038543218893376, 0.9531461195200841, 0.8423325413156111, 0.7708242435465847, 0.7150286388834736]; [0.0009103949958290786, 0.0011472797172744503, 0.0012845888182870945, 0.001160344689580401, 0.001160344689580401];
20; 0.2; -21.508988069277407; [1.2272648198702136, 0.9780806205640818, 0.8672867122851947, 0.795717126406517, 0.7399300081446853]; [0.0005560763432822257, 0.0008801878702060297, 0.00104970215611413, 0.0009017297209025821, 0.0009017297209025821];
20; 0.20714285714285716; -21.847077772224672; [1.2487545798858224, 1.0010566106647354, 0.8898907265841857, 0.8175816378513684, 0.7609784286519817]; [0.00037683403228422726, 0.0007710890085280401, 0.0008722432397422059, 0.0006802971101077525, 0.0006802971101077525];
20; 0.21428571428571427; -22.195130687120866; [1.2820948161917982, 1.034495452224043, 0.9227733264218589, 0.8500356053698724, 0.7932814564320448]; [0.00033762485685102093, 0.0007097872944456963, 0.0007937276947777863, 0.00041657829243211674, 0.00041657829243211674];
20; 0.22142857142857142; -22.541521652599858; [1.2961604698365674, 1.0509942183911223, 0.93972148635191, 0.8671499713683909, 0.8104167029185653]; [0.00023840226121388426, 0.0006763992279365323, 0.0007952953155704069, 0.00038782704699825786, 0.00038782704699825786];
20; 0.22857142857142856; -22.898934924465365; [1.332532886865276, 1.086736816181983, 0.9745754378338212, 0.9012796394007804, 0.8441311112181142]; [0.0002136517109718288, 0.0006237789439799697, 0.0007660571567721826, 0.0001839248404249796, 0.0001839248404249796];
20; 0.2357142857142857; -23.258343027507248; [1.3405589907782025, 1.09781206591961, 0.9864124527599051, 0.9134394325592217, 0.8564266718507109]; [0.00019572760685071085, 0.0006282941473724831, 0.0007674013768051352, 0.00021896821469910693, 0.00021896821469910693];
20; 0.24285714285714285; -23.620094485997132; [1.348668596548947, 1.1088276769714696, 0.9981614267562801, 0.9255304625207411, 0.868661776609888]; [0.00018651215004728913, 0.0006340939777356834, 0.0007736821973753028, 0.000253959982896682, 0.000253959982896682];
20; 0.25; -23.983701115889062; [1.3562638946900656, 1.119259617910584, 1.0093264595898412, 0.9370253274138364, 0.8803158901705889]; [0.00017955991514868945, 0.0006364464533626435, 0.0007766822157183233, 0.00028170773464755564, 0.00028170773464755564];
20; 0.2571428571428571; -24.35869569497348; [1.4038553695221276, 1.1643269740406959, 1.0528724624867256, 0.9793567906422567, 0.9214766317122574]; [0.00022024629721388467, 0.000652371906523456, 0.0007675924318517698, 0.0005878722807095421, 0.0005878722807095421];
20; 0.2642857142857143; -24.737478182605745; [1.4114992680148246, 1.1745910260665646, 1.0638253171068297, 0.990632353912392, 0.9329403408748643]; [0.00021087257627510535, 0.0006504493114903716, 0.0007679899821262044, 0.0005764104892866143, 0.0005764104892866143];
20; 0.2714285714285714; -25.117246387086034; [1.418409810821185, 1.1840910133276055, 1.0740593128474871, 1.0012265274355576, 0.9437635298529469]; [0.00020419015365814855, 0.0006517541617779835, 0.0007678309219452379, 0.0005391961883032588, 0.0005391961883032588];
20; 0.2785714285714286; -25.500207581273997; [1.4248132970496377, 1.1930463099478614, 1.0837291890014404, 1.0112793871291947, 0.9540304137753114]; [0.00020483585975767345, 0.0006505725159445647, 0.0007716480606741718, 0.0005413511092792478, 0.0005413511092792478];
20; 0.2857142857142857; -25.886028704084254; [1.4433275556647969, 1.2123555666677865, 1.103032392863721, 1.0304709543343273, 0.9729979501960944]; [0.00020542606889939187, 0.0006697615968588988, 0.0008176017748523389, 0.0005323228549226905, 0.0005323228549226905];
20; 0.29285714285714287; -26.287493682608527; [1.4780795616035685, 1.2456750192852384, 1.1354485388203217, 1.0622466742305352, 1.0041446180651357]; [0.0002163816196361657, 0.0006859816978659533, 0.0008714517017442701, 0.0005017703033762946, 0.0005017703033762946];
20; 0.3; -26.685614365503746; [1.4837933767937912, 1.2536982657534568, 1.1441639540520563, 1.0713182263306884, 1.0134669024975296]; [0.0002094173254683958, 0.0006757117774748612, 0.000857350937256705, 0.0004949636454017798, 0.0004949636454017798];
20; 0.30714285714285716; -27.083484487392063; [1.4970975656155132, 1.2681727365537452, 1.1588661966800102, 1.0860505019098932, 1.0282796592036896]; [0.00024303589980033394, 0.0006779414849225692, 0.0008282287820115293, 0.00045353057808784436, 0.00045353057808784436];
20; 0.3142857142857143; -27.487383051490827; [1.510873019387895, 1.282912682282556, 1.1738232061615963, 1.101091647707506, 1.0433161769902417]; [0.00017870130871787984, 0.0006597218383133328, 0.0008129812755599357, 0.0004676868199219432, 0.0004676868199219432];
20; 0.32142857142857145; -27.895477497071546; [1.519974319235863, 1.2934893921895352, 1.1847520368420117, 1.1121337078643074, 1.0543212923197878]; [0.0002956980699099328, 0.0006760148962466713, 0.0008424014389261391, 0.0004964285014000707, 0.0004964285014000707];
20; 0.32857142857142857; -28.310801633971572; [1.5349862873967957, 1.3091491666742354, 1.2005204016133237, 1.1279025067861301, 1.0701228335973825]; [0.00023595539368258145, 0.0006839389262330726, 0.0008165538405999888, 0.0004863876179595523, 0.0004863876179595523];
20; 0.3357142857142857; -28.733565441131752; [1.5501135733358993, 1.3248029729443136, 1.2162570402900768, 1.1436535808751087, 1.0859407690995029]; [0.0001601666624243319, 0.0006434726103993489, 0.000771014807729125, 0.0004382946147330279, 0.0004382946147330279];
20; 0.34285714285714286; -29.150586674583003; [1.5585178287329418, 1.3345286275951573, 1.2263640908337226, 1.1539626925364572, 1.0963684581968174]; [0.0001558288083579305, 0.0006310537443099183, 0.0007623333160895952, 0.0004370597604821251, 0.0004370597604821251];
20; 0.35; -29.577399797051715; [1.599120437601511, 1.3716424804372398, 1.2619945178160221, 1.1886295714888464, 1.130230717789299]; [0.00014744606022653976, 0.0005897752637722236, 0.0007653527705439804, 0.00047767757128775015, 0.00047767757128775015];
30; 0.0; -24.00000000000001; [0.0, 0.0, 0.0, 0.0, 0.0, 0.0, 0.0, 0.0]; [0.0, 0.0, 0.0, 0.0, 0.0, 0.0, 0.0, 0.0];
30; 0.007142857142857143; -24.005918033850353; [0.028568508757488103, 2.9137213198123563e-5, 2.90488043499372e-8, 2.887714528458778e-11, 2.869582431026497e-14, 2.85141937111733e-17, 2.881268709617654e-20, 5.504599272560501e-22]; [3.0057452995464375e-12, 6.394459627936371e-12, 1.0039498449084219e-14, 1.210080251339336e-17, 1.2960864915607107e-20, 1.069635203732341e-21, 1.0387499387493794e-21, 1.0387499387493794e-21];
30; 0.014285714285714285; -24.02366811893939; [0.05711939392106499, 0.00023268161551393877, 9.265507960702069e-7, 3.6789427923078988e-9, 1.4602106876883854e-11, 5.795514114716219e-14, 2.30346820587509e-16, -4.737671403938721e-19]; [1.256001521215997e-10, 3.479902296570985e-10, 1.8007871823078596e-12, 6.5562501136605055e-15, 2.3596855259846875e-17, 1.3376105059616595e-18, 1.153265912715987e-18, 1.153265912715987e-18];
30; 0.02142857142857143; -24.053238097135154; [0.08563450783197028, 0.000782953622431161, 6.99789301938537e-6, 6.236585233082352e-8, 5.55603790376448e-10, 4.949458959623774e-12, 4.414639994240201e-14, 3.65020312443127e-16]; [2.9883959871599375e-10, 8.657894556642815e-10, 1.1441758374010617e-11, 1.205965326431582e-13, 1.1251171766397718e-15, 5.731908056853215e-17, 2.3346288722979895e-17, 2.3346288722979895e-17];
30; 0.02857142857142857; -24.0946075866192; [0.11409549757784777, 0.002028561677148477, 4.353899403829551e-5, 9.712903685084806e-7, 2.1797687142192004e-8, 4.895279914404215e-10, 1.0993464087911676e-11, 2.4686449004908457e-13]; [1.0152827075073367e-15, 2.2761454180535226e-14, 5.619898418162815e-14, 2.2518719314423313e-15, 5.286961590639994e-17, 5.624218112617029e-19, 1.0123301269449183e-20, 1.0123301269449183e-20];
30; 0.03571428571428571; -24.147749215075226; [0.14248743932927693, 0.003953343110290807, 0.0001325010189266888, 4.616785772237855e-6, 1.6183322137927748e-7, 5.676809155788093e-9, 1.9912735777974388e-10, 6.984323317716063e-12]; [2.670775277445088e-11, 3.0376261373190098e-9, 7.461371339315106e-10, 3.8913763508201634e-11, 1.5004970266505533e-12, 7.563367547094451e-14, 1.9073783512457697e-15, 1.9073783512457697e-15];
30; 0.04285714285714286; -24.212624260772046; [0.17078570936269077, 0.0067893642718579676, 0.0003255719248662242, 1.6224978319514263e-5, 8.134009895819573e-7, 4.080663081551347e-8, 2.047138026939328e-9, 1.0269053872525947e-10]; [2.789205526706392e-11, 3.394961887790053e-9, 5.358673223876924e-10, 5.51750261539764e-11, 3.538216244832929e-12, 1.7449449483432687e-13, 6.025739209428318e-15, 6.025739209428318e-15];
30; 0.05; -24.289187024035172; [0.19897161497121757, 0.010702552472570338, 0.0006932214118716687, 4.6644058599835714e-5, 3.1569982177202323e-6, 2.1382261771980906e-7, 1.4481814027484026e-8, 9.807570022336144e-10]; [1.5174319090058897e-10, 1.0559755474284061e-8, 2.2733548521155183e-9, 2.8242054707686874e-10, 2.322573316655379e-11, 1.3324001984196799e-12, 3.310689005725405e-14, 3.310689005725405e-14];
30; 0.05714285714285714; -24.377381816341412; [0.22702332809519749, 0.015840546408066314, 0.0013282545704039082, 0.00011564375038589542, 1.0126966493240723e-5, 8.87429790271515e-7, 7.776358794437453e-8, 6.813712219484683e-9]; [6.758634720400173e-10, 3.328441904951494e-8, 1.3453773128370468e-8, 2.1964355502147875e-9, 2.4210516246813857e-10, 1.5776674357699188e-11, 6.100518646796638e-13, 6.100518646796638e-13];
30; 0.06428571428571428; -24.47714344820846; [0.25491875961976734, 0.022360080047076823, 0.0023614522720142566, 0.0002592806474149793, 2.864389966323225e-5, 3.166833216567294e-6, 3.501187701650685e-7, 3.870563031919734e-8]; [2.885785730945137e-10, 1.8433465813835476e-8, 7.800683983159635e-9, 1.868769013337375e-9, 2.6713399426305223e-10, 2.576297351967121e-11, 1.785642597791493e-12, 1.785642597791493e-12];
30; 0.07142857142857142; -24.58839545047816; [0.2826319235971961, 0.030347362176512165, 0.003917103127016698, 0.0005255427917579358, 7.09448953709948e-5, 9.584470040514869e-6, 1.2948313727108237e-6, 1.7491555614860611e-7]; [3.3588633918265704e-10, 1.4658932876551254e-8, 6.905336978191901e-9, 1.460255235357958e-9, 2.4432449348688044e-10, 2.9621762869259994e-11, 1.1146850224822263e-12, 1.1146850224822263e-12];
30; 0.07857142857142857; -24.71105134994228; [0.3101381707769067, 0.03994530647234264, 0.006194422173096564, 0.00100003353936889, 0.0001625528658018113, 2.6476217162510138e-5, 4.336594354123009e-6, 7.283967707843301e-7]; [1.6413534659523322e-8, 4.286117853759847e-8, 6.234528893924935e-8, 2.027656746917024e-8, 9.353450829734833e-9, 5.954482975385852e-9, 2.974392247974515e-9, 2.974392247974515e-9];
30; 0.08571428571428572; -25.40098311746918; [0.6476746720802596, 0.4213862615349043, 0.3438912931694691, 0.30630288328352545, 0.288791383046481, 0.28142715837121063, 0.2789894927811717, 0.2779289907125827]; [0.01826417835175471, 0.012901980104731372, 0.008071276377462246, 0.006265493104119792, 0.0036567084008062513, 0.0009569916429117849, 0.001615117863142213, 0.001615117863142213];
30; 0.09285714285714286; -25.823160675788667; [0.7826963413553085, 0.531524050832045, 0.4359996444009996, 0.3822956972134292, 0.3477693393344462, 0.3237019722793954, 0.3046606374066951, 0.28683116326032604]; [0.018700573474495875, 0.011944237055424314, 0.0071451556394127955, 0.0031486699378969504, 0.0017296520217762277, 0.0020966446722921147, 0.0015699380903278154, 0.0015699380903278154];
30; 0.1; -26.191955793268544; [0.838015937735462, 0.5798129728962589, 0.48242052583451184, 0.4255570800779312, 0.38670706410632755, 0.35716452642247065, 0.3327878026072087, 0.31191291365356205]; [0.003954215873310998, 0.0016069514654461373, 0.002259477920495062, 0.002742844038289167, 0.0025326254279124496, 0.0015987069984997574, 0.0014767564754194203, 0.0014767564754194203];
30; 0.10714285714285714; -26.578111658230902; [0.9041308567421533, 0.6382796240876196, 0.5351513442064209, 0.4723986406482955, 0.4269391670933377, 0.3912001300884599, 0.3617639996803425, 0.336778800697844]; [0.005805918460173079, 0.004569951020186132, 0.003983147352440409, 0.0034884628091611312, 0.0026222678567834282, 0.0018217026484021836, 0.0010807759289797724, 0.0010807759289797724];
30; 0.11428571428571428; -26.968504735360455; [0.9438832393147013, 0.6767513711217514, 0.5725517344407047, 0.509404405773348, 0.46369112599885703, 0.42740244578023023, 0.39647203324579355, 0.3676696390760122]; [0.0022201247421826556, 0.0012080611140930038, 0.0012612468173499843, 0.0016945444658309928, 0.0015974714083298656, 0.0009806317994587644, 0.0005732001838393652, 0.0005732001838393652];
30; 0.12142857142857143; -27.36548988863774; [0.9710949002979542, 0.704998217062787, 0.6004010925770721, 0.5374652814441386, 0.4924194707171049, 0.4567831619608473, 0.42638121795212475, 0.3980507462876267]; [0.001486909200363964, 0.0008608630511224564, 0.0010981738850648563, 0.0013920162711705388, 0.001214211853815274, 0.0007782391877574804, 0.0011476663821898942, 0.0011476663821898942];
30; 0.12857142857142856; -27.77990702757906; [1.0057859590455118, 0.739504809035744, 0.6337171338513587, 0.5700723986737317, 0.5245251843143086, 0.4884952393608916, 0.45786311172171895, 0.42998116354451127]; [0.0018858994473617892, 0.0012655060881637174, 0.0009501533083503303, 0.0009192664191997468, 0.0011078712510747858, 0.0014182469690778995, 0.0015800991681481325, 0.0015800991681481325];
30; 0.1357142857142857; -28.200267913377928; [1.036513961512999, 0.7708828417785306, 0.664116374243731, 0.5996684520970066, 0.553506502358433, 0.5170460319575314, 0.4862005040616308, 0.458812347797796]; [0.000477339540749006, 0.0005782693717827298, 0.000802029251380533, 0.0008882418571866488, 0.0008197771604008323, 0.000608152825324775, 0.00024899159593323044, 0.00024899159593323044];
30; 0.14285714285714285; -28.636615838328904; [1.062043407799529, 0.7979450386886853, 0.6905603311201914, 0.6254446929225981, 0.5786641000347107, 0.5416611357205455, 0.510375333802025, 0.48281984436937025]; [0.0009587886173519803, 0.0006845030626836234, 0.0007866734340641604, 0.0008390316423122402, 0.0007295426087344972, 0.0004918651787000959, 0.00043689523956539456, 0.00043689523956539456];
30; 0.15; -29.07780690382287; [1.0884544280334256, 0.8257999620188881, 0.7179052937876477, 0.6522332655056035, 0.6049553238501055, 0.5674776191997652, 0.5357150198613561, 0.5075434225077049]; [0.0005609350569751768, 0.00048286950134753285, 0.0007234159876721708, 0.0008562216019523619, 0.0007947615801146668, 0.0005560431507535114, 0.0003299291538633735, 0.0003299291538633735];
30; 0.15714285714285714; -29.534998007434854; [1.1143831828769153, 0.8531832427491844, 0.7447184674126663, 0.6782935228488977, 0.630243781433484, 0.5919974941775967, 0.5594141281030609, 0.5302373344084083]; [0.0007869465609368716, 0.0007158060407956743, 0.0008487205461247621, 0.0008995679104812475, 0.0008022037130324779, 0.000563673220012286, 0.0002817594093812476, 0.0002817594093812476];
30; 0.16428571428571428; -29.997918443454413; [1.128184537901514, 0.8703263276039073, 0.7623728576647122, 0.6961777874385775, 0.6482784682304302, 0.6101324448931789, 0.5776573442720311, 0.5485609964009955]; [0.000706471590115779, 0.0007018034359024466, 0.0008777269672921938, 0.0009613773198023324, 0.0008644344010444126, 0.000589108684726035, 0.0001758865561865839, 0.0001758865561865839];
30; 0.17142857142857143; -30.466065496995316; [1.1439442847928198, 0.8889502946906827, 0.7812773898741486, 0.7150290751972258, 0.6669834748904123, 0.6286604432697998, 0.5959774320692017, 0.5665660917105344]; [0.00042375671457006844, 0.0005611088022630803, 0.0008195157252949654, 0.0009404909645167312, 0.0008583502623236411, 0.0005797605836629515, 2.5243914817889866e-5, 2.5243914817889866e-5];
30; 0.17857142857142858; -30.955667940022852; [1.1781479769800747, 0.9233382741420173, 0.8147652848336345, 0.7476695850147576, 0.6988564018869472, 0.659820001501903, 0.6264072324650355, 0.5959580785462866]; [0.0005334252643622704, 0.0007275831216070437, 0.0009971355712703317, 0.0011421457969910899, 0.0011022536628868447, 0.0009040892521297992, 0.0006801362168971258, 0.0006801362168971258];
30; 0.18571428571428572; -31.444140822917536; [1.1947086427965674, 0.9425340537392006, 0.8342606938653628, 0.7671687033186438, 0.718271552246658, 0.6791043050758313, 0.6455441654911874, 0.6149451643735715]; [0.00038738719189910733, 0.0006476031918765484, 0.0009462647753154626, 0.0010954677001836107, 0.001055731243785397, 0.0008560948600180279, 0.0006100399254189839, 0.0006100399254189839];
30; 0.19285714285714287; -31.948897551086286; [1.2271441352705248, 0.9753180530929584, 0.8663633963364209, 0.798625365100217, 0.7491434347529143, 0.7094299364555192, 0.675351056813192, 0.6442851111044178]; [0.00025765443693340125, 0.0005673360762451856, 0.0008782621031137038, 0.0010212945505872933, 0.0009632362208348514, 0.0007279864673909178, 0.00042102626773599864, 0.00042102626773599864];
30; 0.2; -32.45508374447826; [1.2414067525034473, 0.9923158179546496, 0.8837848974163797, 0.8160739463537022, 0.7665031738954934, 0.7267142166409934, 0.6925176583254368, 0.6613046938389071]; [0.00019072665342686847, 0.0005579332701679976, 0.0008595189921597046, 0.0010237913974041925, 0.0010192551395693378, 0.0007415588049624, 0.0003449347960340633, 0.0003449347960340633];
30; 0.20714285714285716; -32.9686588597164; [1.2513942525713382, 1.005534157941242, 0.8976819109066551, 0.8302718673399823, 0.7808578221601951, 0.7410992818450584, 0.7069117661915666, 0.6757363531505955]; [0.00017432609054777187, 0.0005363870201118036, 0.0008655877719282561, 0.001016704645301515, 0.0009606167951783145, 0.0007130267623035534, 0.00034628014848918766, 0.00034628014848918766];
30; 0.21428571428571427; -33.50010459477104; [1.2831789490225747, 1.0375060216640866, 0.9290497888047493, 0.8610706303112341, 0.8111464400946745, 0.7709266635182394, 0.7363234882250588, 0.7048966401170148]; [0.00016823564084323205, 0.0004954324451989814, 0.0008415864723344076, 0.0010047768149015939, 0.0009481404324732521, 0.0006670052926265073, 0.0001239459557007308, 0.0001239459557007308];
30; 0.22142857142857142; -34.02840123050585; [1.3124511792333124, 1.0671374472407071, 0.9581642572144079, 0.8896112803940875, 0.8391268522189621, 0.7983548802547444, 0.7631649787940926, 0.7311289855910924]; [0.00010605986878650036, 0.0004884259802689218, 0.0008252287144300847, 0.0009729148960066191, 0.000914255188641085, 0.00066726683001415, 0.0002637914014928286, 0.0002637914014928286];
30; 0.22857142857142856; -34.572645506788234; [1.3257245093852377, 1.0829151650749829, 0.9744800785193451, 0.9061826125089539, 0.8558446428546028, 0.8151824660107643, 0.7801174967457859, 0.7481727842958077]; [0.00012319249702687644, 0.0005114073195008141, 0.0008429244260698454, 0.0009893440396912848, 0.0009360796048540614, 0.000704686866544333, 0.0003045706027679776, 0.0003045706027679776];
30; 0.2357142857142857; -35.121119406095374; [1.3362725865210416, 1.0961664226897792, 0.9883432344121772, 0.9202994674503981, 0.8700857061544006, 0.8294771890756689, 0.7944217010328064, 0.7624650989504249]; [0.00012048333306739274, 0.0005087628707288085, 0.0008447809036450144, 0.001000569013924438, 0.0009454233930097847, 0.0007030979859144455, 0.00031922211065971525, 0.00031922211065971525];
30; 0.24285714285714285; -35.67390036034551; [1.3588408261666904, 1.1197232395759498, 1.0118173518673133, 0.9435738592872581, 0.8931491811327018, 0.8523295193663767, 0.8170419773642004, 0.784755178907827]; [0.00012977377566543744, 0.0005162601194333737, 0.0008573058572964844, 0.0010265589913014375, 0.0009759248918439285, 0.0007235599626677908, 0.00037036341730760277, 0.00037036341730760277];
30; 0.25; -36.238796232240134; [1.3748053400917968, 1.1374298890667582, 1.0297794078104863, 0.961564403512325, 0.9110876983895254, 0.8701835828815281, 0.8347829975825326, 0.8023273310324356]; [0.0001374952895715902, 0.0005158293510946093, 0.0008648310047687245, 0.0010460824573695281, 0.0009972833500191255, 0.0007335950479728163, 0.0003789337622609196, 0.0003789337622609196];
30; 0.2571428571428571; -36.809371803879976; [1.3858636249274279, 1.1507723334308038, 1.0436539680832393, 0.975665488576651, 0.9253004739533266, 0.884451634843234, 0.8490797099625276, 0.816633642972194]; [0.00014305087563333869, 0.0005176204881057885, 0.0008607723593097897, 0.0010404483968302176, 0.00099454393155562, 0.0007322708625606415, 0.00038531663184900597, 0.00038531663184900597];
30; 0.2642857142857143; -37.38170135576393; [1.3952943175833257, 1.1625614066018817, 1.056038749002713, 0.9883217295844547, 0.9381171347355345, 0.8973596016463677, 0.8620384660177128, 0.829623322049678]; [0.0001338049278161699, 0.0005114279308024354, 0.0008609784682747916, 0.0010362845570213808, 0.0009890414012577917, 0.0007324444405889782, 0.00037365742964556295, 0.00037365742964556295];
30; 0.2714285714285714; -37.97113640879261; [1.4265571757470281, 1.1932130967009456, 1.086053907909617, 1.0178306532194525, 0.9671716042171228, 0.9259896157370981, 0.8902936051830452, 0.8575242951499228]; [0.00012819210663140855, 0.0005185539255577608, 0.0008760856828246612, 0.0010395896545194144, 0.0009971290306399153, 0.000755329301298779, 0.00031197816235727327, 0.00031197816235727327];
30; 0.2785714285714286; -38.55967189558823; [1.4329051046111698, 1.2021033830859134, 1.0956599249210006, 1.02779007257055, 0.977354571625324, 0.9363216621725721, 0.9007213256852533, 0.8680212197745925]; [0.00012585127068066732, 0.0005143715791658323, 0.0008698525882309451, 0.0010352789758073775, 0.0009945860456414635, 0.00075203873349823, 0.0003143474719828839, 0.0003143474719828839];
30; 0.2857142857142857; -39.1567282188204; [1.4663775833950032, 1.2343959219431289, 1.1271695909578998, 1.058701567786885, 1.0077677376933154, 0.9662987094337565, 0.9302792547896638, 0.8972572622403854]; [0.00011004556630404265, 0.0005086800556224481, 0.0008515026276023965, 0.0010288783118300852, 0.0009793588308050396, 0.0007193021763792904, 0.0003004654163911022, 0.0003004654163911022];
30; 0.29285714285714287; -39.76161303316397; [1.4721968228720308, 1.2426117950374829, 1.1360788373091968, 1.067969231082518, 1.0172514008905524, 0.9759316415357533, 0.9400272866923496, 0.9070883259031227]; [0.00010940708208069535, 0.0005053310385235963, 0.0008479219116545438, 0.0010250303628014568, 0.0009770941135118555, 0.0007194597584670849, 0.0003026937769105915, 0.0003026937769105915];
30; 0.3; -40.368764432858434; [1.4777717811724709, 1.2505039833159697, 1.1446516517552154, 1.0768928317076478, 1.0263975971235488, 0.9852307445150583, 0.949438979372963, 0.916580874242943]; [0.00010875372904606594, 0.000501859449472126, 0.0008444111696424537, 0.0010215688287629344, 0.0009758975392439413, 0.0007197207082871144, 0.0003054472975408111, 0.0003054472975408111];
30; 0.30714285714285716; -40.98541589230121; [1.5093678535419337, 1.2807775127664212, 1.1741660850086324, 1.1058482394732354, 1.0548888159328236, 1.0133170810668308, 0.977164052663997, 0.9439297222428122]; [0.00010687679117336136, 0.000492220939669322, 0.0008455919065450242, 0.0010198597169855318, 0.0009811685015558614, 0.0007234837473184568, 0.0003412121723898012, 0.0003412121723898012];
30; 0.3142857142857143; -41.60697522558031; [1.5134555300879222, 1.2871593342542487, 1.181236593647155, 1.1132485113211361, 1.0624877508851662, 1.0210511060248155, 0.9849900640889194, 0.9517978193632862]; [9.563193828181979e-5, 0.00048003367945330063, 0.0008346284715521788, 0.001012886478463372, 0.0009701012090113385, 0.0007203089142715587, 0.00032166923174727443, 0.00032166923174727443];
30; 0.32142857142857145; -42.230530141851226; [1.5453185233854476, 1.317360713003942, 1.2106013190979001, 1.1420206842261373, 1.0907689496186905, 1.0489074859151695, 1.0124739072574334, 0.9789209789200909]; [0.00010279367327932048, 0.00048624636424721016, 0.0008352356051507491, 0.0010152026079601867, 0.0009700164853663427, 0.0007395374740982681, 0.00032901203140137315, 0.00032901203140137315];
30; 0.32857142857142857; -42.8631757228929; [1.5343843299010012, 1.3106624036507668, 1.205408644261629, 1.1377408378862282, 1.0871591615749623, 1.0458313426587205, 1.0098478663903983, 0.9767134082070609]; [9.825286848835466e-5, 0.0004787380367220532, 0.0008304252284709144, 0.0010133118708856182, 0.0009766199005203883, 0.000730774577325735, 0.000341380640759839, 0.000341380640759839];
30; 0.3357142857142857; -43.50887610086488; [1.5569895151589384, 1.332693356055406, 1.2270701125175771, 1.1591182059273937, 1.1082979744845614, 1.066752524790275, 1.0305623083238349, 0.9972108997718055]; [0.00010304408519219901, 0.0004881696505103637, 0.0008419394184297061, 0.0010230540727972288, 0.0009833440252102923, 0.0007473738753589073, 0.0003336771007411192, 0.0003336771007411192];
30; 0.34285714285714286; -44.15067028092091; [1.5626503948327075, 1.3400599647559504, 1.2349631484026187, 1.1672893027239086, 1.1166520561029587, 1.07523259310847, 1.0391309312964359, 1.0058555299181267]; [0.00010249617373395198, 0.00048456299183723047, 0.0008373380025131529, 0.0010155848232869173, 0.0009776629353702702, 0.000739722829095895, 0.00033161497446300767, 0.00033161497446300767];
30; 0.35; -44.8000017135995; [1.5834951239914206, 1.3602896999996188, 1.2548459637467646, 1.1868861022158623, 1.1360016568551796, 1.094368423935949, 1.0580596875812887, 1.0245964321642351]; [9.052876358372877e-5, 0.00047987659239703535, 0.0008338278545997213, 0.0010161032136605731, 0.0009820094492300087, 0.000731765424028414, 0.00032155380486150506, 0.00032155380486150506];
40; 0.0; -32.000000000000014; [0.0, 0.0, 0.0, 0.0, 0.0, 0.0, 0.0, 0.0, 0.0, 0.0]; [0.0, 0.0, 0.0, 0.0, 0.0, 0.0, 0.0, 0.0, 0.0, 0.0];
40; 0.007142857142857143; -32.007958745943114; [0.028568508757557395, 2.9137210112462526e-5, 2.9048799659764067e-8, 2.8877139988853006e-11, 2.869582009691107e-14, 2.8513770780828464e-17, 2.827528303708305e-20, 4.099502560620371e-22, -1.2938952020887786e-22, -1.4752483229856748e-21]; [3.237372886374475e-12, 7.2410822938569975e-12, 1.1802544456677015e-14, 1.4132188729582257e-17, 1.446025383311026e-20, 1.1520578946260058e-21, 1.3037187502363215e-21, 1.2682683454961058e-21, 1.4126302916854806e-21, 1.4126302916854806e-21];
40; 0.014285714285714285; -32.03182971120897; [0.05711939390457035, 0.00023268176802047972, 9.265522701747028e-7, 3.678951558196141e-9, 1.4602145285571283e-11, 5.79546592630219e-14, 2.2953375314792994e-16, -2.198297714550883e-20, -8.585320296836281e-19, -1.510288541793088e-18]; [1.1707003216533297e-10, 3.7726985431077053e-10, 2.6391830755200533e-12, 1.330022893107748e-14, 5.347558220110431e-17, 1.2697397189758953e-18, 1.3502083262878294e-18, 1.3092161804458084e-18, 1.4033485206240424e-18, 1.4033485206240424e-18];
40; 0.02142857142857143; -32.071596929618345; [0.08563450792015587, 0.0007829524023245542, 6.9978717020052054e-6, 6.236556811523486e-8, 5.556003033634107e-10, 4.94945736335356e-12, 4.4170798029009796e-14, 4.126975084262306e-16, 7.43936270280053e-17, -4.809502047531784e-17]; [4.976660924134797e-10, 5.062332236576076e-10, 6.80851543489846e-12, 7.185882782807485e-14, 6.803139169216866e-16, 9.692118797875869e-17, 4.492600461121777e-17, 8.590001427536799e-17, 4.25224771349772e-17, 4.25224771349772e-17];
40; 0.02857142857142857; -32.127233630226655; [0.11409549757784872, 0.0020285616771492385, 4.353899403634416e-5, 9.712903689360999e-7, 2.1797687179199598e-8, 4.895279926688732e-10, 1.0993464108130638e-11, 2.4686449004887914e-13, 5.543202652916858e-15, 1.2446594351076094e-16]; [1.3297796726002188e-15, 3.694281593902318e-15, 9.07342006829707e-15, 3.7649069728983873e-16, 9.889507928887444e-18, 1.8099505313153736e-19, 2.299692113898517e-21, 4.5987439379590843e-23, 1.102487768261303e-25, 1.102487768261303e-25];
40; 0.03571428571428571; -32.198703918672; [0.14248743933146854, 0.003953343261394601, 0.00013250098354601476, 4.616792473622941e-6, 1.618341470345108e-7, 5.676875790832413e-9, 1.9913027031878047e-10, 6.9844021820204835e-12, 2.4496182911616467e-13, 8.591236009752212e-15]; [2.6638552380764825e-11, 3.3662124284584687e-9, 7.110849231550528e-10, 4.9879635844423725e-11, 2.1642399447783715e-12, 5.4628659706399695e-14, 9.064083265012674e-16, 1.8802982617602263e-17, 4.927188079815003e-19, 4.927188079815003e-19];
40; 0.04285714285714286; -32.28595683039015; [0.1707857093692703, 0.006789364175469367, 0.00032557158179694523, 1.6224944080748825e-5, 8.133987930940229e-7, 4.080648789329554e-8, 2.047127058292395e-9, 1.0268973821090712e-10, 5.150944353201864e-12, 2.5836556216081076e-13]; [2.1901981727899862e-11, 2.211129953594897e-9, 4.154176465015496e-10, 4.006074140100688e-11, 2.209393505177142e-12, 1.0902776423355424e-13, 5.582768946687872e-15, 2.784222234850643e-16, 1.0297484688053864e-17, 1.0297484688053864e-17];
40; 0.05; -32.38893229547271; [0.1989716149580101, 0.010702554651519734, 0.0006932231555404106, 4.664434021539083e-5, 3.1570259910568977e-6, 2.138251871959096e-7, 1.4482040157228777e-8, 9.807727890569113e-10, 6.641804944517274e-11, 4.4977254353601305e-12]; [1.2263210480013043e-10, 7.502946030839003e-9, 2.1582293066733368e-9, 3.0497716628087605e-10, 2.928164658687173e-11, 2.253424707836426e-12, 1.4489013365449754e-13, 7.82105867197999e-15, 2.0242046698165842e-16, 2.0242046698165842e-16];
40; 0.05714285714285714; -32.50755702983802; [0.22702332802472688, 0.015840542623751053, 0.001328250588885307, 0.00011564271933730339, 1.0126837139336866e-5, 8.874129216140649e-7, 7.77620172925803e-8, 6.813609876006157e-9, 5.969847785132171e-10, 5.230424206862706e-11]; [4.636753399762918e-10, 2.1810186240192707e-8, 5.4839247285732714e-9, 6.255784393398647e-10, 5.919537556563273e-11, 5.9316956747430285e-12, 6.128142810370926e-13, 5.809230807813119e-14, 2.4924784719461436e-15, 2.4924784719461436e-15];
40; 0.06428571428571428; -32.64174521769104; [0.25491875964001043, 0.02236008152643269, 0.002361455959359009, 0.0002592820633381039, 2.8644191483055895e-5, 3.166879774673975e-6, 3.5012500970416964e-7, 3.870637775878271e-8, 4.278785971129607e-9, 4.729810535683221e-10]; [3.6872985955977393e-10, 2.31668417716355e-8, 1.0038407402226947e-8, 2.2536797984590555e-9, 3.7074608586740715e-10, 4.5846102666278914e-11, 4.264530675578085e-12, 3.8519171261094134e-13, 8.700701713493822e-15, 8.700701713493822e-15];
40; 0.07142857142857142; -32.791396012196955; [0.28263192365349676, 0.030347365146698748, 0.003917108241221282, 0.0005255447718177, 7.094535293371289e-5, 9.584559594921586e-6, 1.2948472125727643e-6, 1.749180954504901e-7, 2.362837484635214e-8, 3.1918839527710244e-9]; [3.623699123924428e-10, 1.6943059514032274e-8, 4.643127265327239e-9, 8.839383774502221e-10, 1.5045898803721667e-10, 2.2174743597272266e-11, 2.8518508915061738e-12, 4.112791026169847e-13, 6.09306866953282e-14, 6.09306866953282e-14];
40; 0.07857142857142857; -33.018700257658885; [0.3501634252685074, 0.0766375701773883, 0.02052094292053176, 0.004032699649326883, 0.0007839466853914559, 0.00016916152756696874, 4.890153899009984e-5, 2.175525839997718e-5, 1.2124545780154978e-5, 9.610095165447447e-6]; [0.0727949921120711, 0.07164821109923858, 0.034441474605995136, 0.006918815973557705, 0.0012665569599158712, 0.00023580628203035005, 4.8115622564743447e-5, 1.1940787306045317e-5, 5.0882892095852415e-6, 5.0882892095852415e-6];
40; 0.08571428571428572; -33.91510294562452; [0.6637188522240649, 0.4390240295577564, 0.36221227704710596, 0.3257473837273785, 0.3080880525956326, 0.29899522792994865, 0.2935226166580755, 0.28916285875175524, 0.28702281984070094, 0.28913847613902155]; [0.017648827423177003, 0.015755519556438533, 0.012480752949420328, 0.01039550274049052, 0.008169912994405856, 0.0058510996144791275, 0.0044635827686114625, 0.002733341095575554, 0.001599849732050412, 0.001599849732050412];
40; 0.09285714285714286; -34.47270499420705; [0.7784653150282415, 0.5308111377206336, 0.44069243994606333, 0.3933538143375338, 0.36459800610684, 0.34604774743695327, 0.333291334094569, 0.3237778753583517, 0.31562807067349724, 0.3073626025192857]; [0.017399678690359254, 0.012718120356251016, 0.0104571247866342, 0.00797605792295268, 0.005585832895720472, 0.0035620361494493563, 0.0021885415682778003, 0.001367046871427411, 0.0012101358103173206, 0.0012101358103173206];
40; 0.1; -34.97738568772257; [0.855947624939054, 0.5947133410631998, 0.49581051201411197, 0.4376701224870136, 0.39803600618912394, 0.36905370066382776, 0.3476548600796595, 0.33044573668772553, 0.316616392187757, 0.30444287268264736]; [0.015804905828014363, 0.01255534901712781, 0.011161805378297434, 0.008968503821848937, 0.005763936077158448, 0.002297709269407343, 0.000688362472636066, 0.0006911971870515178, 0.0004570486876904979, 0.0004570486876904979];
40; 0.10714285714285714; -35.48311687852362; [0.9078106985936613, 0.6423534232166268, 0.5406277344354123, 0.4801963165471952, 0.43799492468857315, 0.4059246513246152, 0.3800200594622719, 0.3581350340419688, 0.3393320448740232, 0.32239670510153984]; [0.0035113909412036203, 0.002767012369457539, 0.0022233827991993693, 0.001665689506462529, 0.0012012184976562916, 0.0007947884006382416, 0.0005629581140864942, 0.0006052702939603198, 0.00033834264902975387, 0.00033834264902975387];
40; 0.11428571428571428; -36.004388634707816; [0.9449338659255614, 0.6780996360741429, 0.5746198775147903, 0.5127508416325628, 0.4687111224107825, 0.43443949489956546, 0.40637260736551184, 0.38255041555176117, 0.3617121547571271, 0.34271854629079246]; [0.0017691682671646157, 0.0013519789159789114, 0.0011890742550851499, 0.0009576290664201569, 0.0007507531677217346, 0.0006550657556766861, 0.000582637017038293, 0.0005855821215563795, 0.0008307957522015923, 0.0008307957522015923];
40; 0.12142857142857143; -36.5432821125724; [0.9803372869926461, 0.713560914315629, 0.6097162247901828, 0.5482965612258585, 0.5052120699916618, 0.47191171988180725, 0.4444973521517774, 0.42078976326502326, 0.3997001968037673, 0.38055898268974186]; [0.0006607862360683936, 0.0005343459247852317, 0.0006256882864353486, 0.0006321919246670465, 0.0005759808492025631, 0.0005066161601225594, 0.00039626961629425005, 0.00043985576841506157, 0.0003106187810601666, 0.0003106187810601666];
40; 0.12857142857142856; -37.09657439939535; [1.0086596911558814, 0.7427003326161912, 0.6378226163344186, 0.575453093264563, 0.5315514353115044, 0.49761880309876766, 0.46971330833119007, 0.4456716659266074, 0.424249397208841, 0.4048636818192252]; [0.0006122130008354055, 0.0003838433910733681, 0.0004570044492443124, 0.0005847019732270666, 0.0006569928733323058, 0.0006375563832365103, 0.0005030412651487803, 0.00030700924775139016, 0.00025963603374479514, 0.00025963603374479514];
40; 0.1357142857142857; -37.665932926416225; [1.0370148879465255, 0.7719509289275006, 0.665971402819795, 0.6024911056723241, 0.5575723429439386, 0.5227047727779092, 0.4939096111911592, 0.46897635089405254, 0.4466501488057628, 0.4261388479583519]; [0.0007566751368046417, 0.0004962737513976515, 0.0005068711578190182, 0.0006211048595251728, 0.0006817301072698647, 0.0006704637744635405, 0.0005926499260153581, 0.0005609174891649722, 0.0004838073465463691, 0.0004838073465463691];
40; 0.14285714285714285; -38.249230855229676; [1.064290672742887, 0.8006332739739009, 0.6942227818412802, 0.6303884257871524, 0.5852129351083378, 0.5501885226172014, 0.5213461797529059, 0.49648547197253157, 0.4742415489833654, 0.45362383844208054]; [0.0002599042420597878, 0.000307519090873743, 0.00046153540965179074, 0.0005967239151412423, 0.0006526307103100163, 0.0006204858742315191, 0.000501592983800264, 0.00031668924094606593, 6.581716715499465e-5, 6.581716715499465e-5];
40; 0.15; -38.84912511518303; [1.0881716985169572, 0.8263650463225882, 0.7196201091552715, 0.6553378463747238, 0.6097370290467766, 0.5743179063628833, 0.5451155982367415, 0.5199255538414658, 0.4973412817425869, 0.4761742185021291]; [0.0004370778963461608, 0.00043574607910313917, 0.0005407884129375349, 0.0006408256021680734, 0.0006823501807498325, 0.0006529427442774087, 0.0005686878388080264, 0.00047545678742007237, 0.0004420447527210624, 0.0004420447527210624];
40; 0.15714285714285714; -39.45976420256932; [1.1142277394731355, 0.8539417131303431, 0.7467951837264847, 0.6820557434804351, 0.6360473017071594, 0.6002622145751718, 0.5707288722046515, 0.5452354276097688, 0.5223861554123035, 0.5011124196147833]; [0.00034221999026261496, 0.00040738753372264404, 0.0005674193210171016, 0.0006844805238011472, 0.0007200038834750888, 0.0006893852431243606, 0.0006075970031637697, 0.0004902924415730773, 0.0004071597648158186, 0.0004071597648158186];
40; 0.16428571428571428; -40.08617961599436; [1.1345744329209555, 0.8766272351348123, 0.7695052155861906, 0.7046101926222771, 0.6584390879536045, 0.6224972894015218, 0.5928235429196678, 0.5672359067426856, 0.5443421118555766, 0.5230800636489201]; [0.00034671140569201913, 0.0004247062255126532, 0.0005826760610044845, 0.0007207726324976572, 0.0007794554853862625, 0.00074379965672169, 0.000639213122935817, 0.0004880611500235023, 0.00034122375096991807, 0.00034122375096991807];
40; 0.17142857142857143; -40.722544669089245; [1.1577514728203184, 0.9016222187942066, 0.794308655479756, 0.7290616151028264, 0.6825357994355191, 0.6462587919828212, 0.6162664331674195, 0.590346487103416, 0.5671354981205011, 0.5456879226493551]; [0.00010592732939194764, 0.0002739997325818825, 0.0004979958360085248, 0.0006619714295696687, 0.0007295551334624052, 0.0006885609596423302, 0.0005415285285974545, 0.00033890442196510295, 6.930363239976185e-5, 6.930363239976185e-5];
40; 0.17857142857142858; -41.37409798214566; [1.1791703872330583, 0.9250769838343756, 0.8177216873587889, 0.7522251971762925, 0.7054047346386461, 0.6688264199130551, 0.6385427383724794, 0.612362884687325, 0.588896747012689, 0.5672450761970756]; [0.00023356363753893113, 0.00030663300397387115, 0.0004842646916297623, 0.0006249696565661325, 0.000677952651973923, 0.0006365462636478744, 0.0005123532981331967, 0.0003119927262163039, 5.455487308376354e-5, 5.455487308376354e-5];
40; 0.18571428571428572; -42.03707149515567; [1.205502301551251, 0.9526702478766367, 0.8449904407185139, 0.7790763969319254, 0.731848518230608, 0.6948813844952455, 0.6642267673785033, 0.6376870235228466, 0.6138713573684161, 0.5918317799584218]; [0.00010604522470387219, 0.0002724262336187435, 0.0004908329278347501, 0.0006413419497308587, 0.0007079890548426702, 0.0006736017998252053, 0.0005450737953907424, 0.0003474220896118979, 8.0635174376013e-5, 8.0635174376013e-5];
40; 0.19285714285714287; -42.71089675200847; [1.2181461635249151, 0.9684248504470706, 0.8613136913490135, 0.7955953215554319, 0.7484749533680389, 0.711563144230378, 0.6809238248018218, 0.6543832647256607, 0.6305685825039761, 0.6085333972617605]; [0.00011100676533653547, 0.0002808474205479973, 0.0005009724081534311, 0.0006547495421018837, 0.0007223092506733183, 0.0006921732632267908, 0.0005673270225698402, 0.00036779682601947834, 0.00010385628796711451, 0.00010385628796711451];
40; 0.2; -43.39689007896968; [1.2467671172319559, 0.9978109453269615, 0.8902450158574468, 0.8240275944579035, 0.7764192591083312, 0.7390511829458277, 0.7079942039560503, 0.6810471633911466, 0.6567963858796362, 0.6341804136727031]; [0.00013165890165695024, 0.0002996361841429431, 0.0005172176865128733, 0.0006786195156861564, 0.0007436380948902206, 0.0007137582209082485, 0.0006015138929258885, 0.0004334096775358176, 0.00027459870240513956, 0.00027459870240513956];
40; 0.20714285714285716; -44.09255379971987; [1.2581015582991568, 1.0121625247411294, 0.9051398668332384, 0.8390135125719779, 0.7913279316383182, 0.7538392881354862, 0.7226168796208462, 0.695445692381882, 0.6708957659256378, 0.6479130032744985]; [0.0001218491879061411, 0.000277530332709075, 0.000476236277368578, 0.0006184027216729785, 0.0006899389055859189, 0.0006681592877610254, 0.0005718618632687297, 0.00042468476208262833, 0.00027552400950355476, 0.00027552400950355476];
40; 0.21428571428571427; -44.80078183381261; [1.2856935766221342, 1.0405310411701953, 0.9332216410086588, 0.8668120003211526, 0.8188894991034433, 0.78117765607183, 0.7497657890075001, 0.7224599077921446, 0.6978499221915152, 0.6748923749505457]; [8.323218733633875e-5, 0.0002758017259080802, 0.0005004309136573151, 0.0006702452538872031, 0.0007504683581551068, 0.0007204668801408608, 0.0005886952002976411, 0.00038252313474956286, 0.00015720931790243336, 0.00015720931790243336];
40; 0.22142857142857142; -45.51808705242976; [1.2975844581497744, 1.0551901282359446, 0.9484673756335483, 0.8822938121075704, 0.8345132067496291, 0.7968861004191555, 0.7655150524959515, 0.7382313791970566, 0.71364714566758, 0.6907392631931855]; [8.540028795575538e-5, 0.00028241280455833007, 0.0005111674636003853, 0.0006757208868582896, 0.0007509699935465125, 0.0007238189768441821, 0.0005974148358873012, 0.0003916631940106958, 0.00014889337892744168, 0.00014889337892744168];
40; 0.22857142857142856; -46.24542885066377; [1.3192887777842857, 1.0781953815275338, 0.9714255114036032, 0.9050558130388667, 0.857037404576106, 0.8191684609727966, 0.7875625647707926, 0.7600369881489317, 0.735213194479066, 0.7121061318208651]; [6.403471858864383e-5, 0.0002669436421077872, 0.0004979183030858588, 0.0006669822287349533, 0.0007438878497037746, 0.0007167224843905233, 0.000584537357152626, 0.00038169516767565725, 0.00011408427595430918, 0.00011408427595430918];
40; 0.2357142857142857; -46.98515692919983; [1.3338998541554719, 1.09498110298008, 0.9886225856973635, 0.9223929981275756, 0.8744348351084674, 0.8365851828357672, 0.8049695679538029, 0.777430316832546, 0.752590540168347, 0.7294730869130355]; [6.354664207480315e-5, 0.00027366918205314213, 0.0005061607178280046, 0.000666527496682918, 0.0007359569070321131, 0.0007080337984385433, 0.0005902029450787766, 0.00039151980113781337, 0.00011556714228328486, 0.00011556714228328486];
40; 0.24285714285714285; -47.73333059504334; [1.3577375411662522, 1.119612298819338, 1.0130723720726083, 0.9465632568080374, 0.898286033469946, 0.8601210221976576, 0.8282169149338671, 0.800395080278739, 0.7752448028599099, 0.7517737881648714]; [7.958913203441666e-5, 0.0002838794267896693, 0.0004976523688644375, 0.0006668995130902301, 0.0007392201382616537, 0.0007056862809575177, 0.0005783780380266116, 0.00038589696733559015, 0.00016002128199138266, 0.00016002128199138266];
40; 0.25; -48.49200188781794; [1.3692948760003771, 1.1335211336324449, 1.0275284500145214, 0.9612669132675813, 0.9131613591465203, 0.8751295202116913, 0.8433166682252714, 0.8155587075754788, 0.7904727804169496, 0.767074636628942]; [6.34047096019042e-5, 0.0002754839436974198, 0.0005036526042756243, 0.0006685080592598933, 0.0007459727203755925, 0.0007219840738727011, 0.0005945559859306401, 0.00039851993905770124, 0.0001804904465116027, 0.0001804904465116027];
40; 0.2571428571428571; -49.25539316850865; [1.38249228166662, 1.1486905568082655, 1.0430868409236145, 0.9769539599829004, 0.9288797233397997, 0.8908251802461229, 0.8589606357606082, 0.8311381735503028, 0.8059842680278132, 0.7824845812914444]; [6.0419653238262635e-5, 0.0002732995512854866, 0.0004972331761868551, 0.0006710351291348153, 0.0007509000153448226, 0.0007236242033397771, 0.0005952083214361339, 0.0004013446441475019, 0.00018926969896598656, 0.00018926969896598656];
40; 0.2642857142857143; -50.0370498529703; [1.4036438117740255, 1.17068776527951, 1.0650424604216662, 0.9987724012195748, 0.9505508444969629, 0.9123586528745835, 0.8803605089271905, 0.8524084771040888, 0.8271209336397707, 0.8034674835374221]; [6.629910585917103e-5, 0.00027584180860826745, 0.000510448070864546, 0.0006783031959755444, 0.0007530358512725421, 0.0007332281028659875, 0.0006149338700235572, 0.00041179345465434177, 0.00018353706504485001, 0.00018353706504485001];
40; 0.2714285714285714; -50.817888323708075; [1.4127371609197201, 1.1820663420113962, 1.0770011162234807, 1.0110136886957475, 0.9629524172632563, 0.9248535847418525, 0.8929194808140698, 0.8650181812091109, 0.8397717808972275, 0.8161601524900322]; [5.925320081785184e-5, 0.00026740452247200663, 0.0005049427628305953, 0.000673102989135077, 0.0007514278918878414, 0.0007319901981614048, 0.0006134323039570034, 0.00040732827261418935, 0.0001770858020920731, 0.0001770858020920731];
40; 0.2785714285714286; -51.61873926087631; [1.4371425218577862, 1.2066408147530756, 1.1013065495071863, 1.035036414051459, 0.9867076904368705, 0.9483640789317208, 0.9161977537795354, 0.8880654040583813, 0.8625965396219528, 0.8387759516553119]; [6.397048601320457e-5, 0.00027622194092232394, 0.0005089828941530074, 0.000673829863542186, 0.0007546377813192723, 0.0007295662905492764, 0.0006048843746208905, 0.00041177923423659277, 0.0001549277314935166, 0.0001549277314935166];
40; 0.2857142857142857; -52.41992406868837; [1.4530745948409722, 1.2237219889000046, 1.1185492055042008, 1.0522909305405799, 1.0039185870268452, 0.9654996842670366, 0.9332490340088299, 0.9050329388876805, 0.8794749668022875, 0.8555648865447597]; [6.000103231189174e-5, 0.0002739195749608655, 0.0004998865389843115, 0.0006676379999875724, 0.0007441865116078898, 0.0007193003469163761, 0.0005964155234774781, 0.0004014304476461168, 0.00016030775153467945, 0.00016030775153467945];
40; 0.29285714285714287; -53.235530125510365; [1.4697106920421668, 1.2413180264721155, 1.1362625348290716, 1.0699895670885353, 1.0215746799712306, 0.9831078729965136, 0.9507992175549151, 0.9225194957107163, 0.8968865417823483, 0.8729068043401731]; [5.958030667317992e-5, 0.00027247892259148383, 0.0005043186040268403, 0.0006758498433968758, 0.0007577765296974116, 0.0007361282542347672, 0.0006098355299328084, 0.00040316941140974144, 0.0001648760047267783, 0.0001648760047267783];
40; 0.3; -54.05610398006094; [1.4952245606972523, 1.2664545620644554, 1.1610052626198315, 1.0943963567847104, 1.045695459795876, 1.0069863071820608, 0.9744575062703431, 0.9459620631408452, 0.9201230254093605, 0.8959164338720289]; [5.551863489066287e-5, 0.0002668300730599959, 0.0005024431263183225, 0.0006728576326261517, 0.0007553231768990003, 0.0007312808220208973, 0.0006110195027501923, 0.0004107625533251621, 0.00017647730466271636, 0.00017647730466271636];
40; 0.30714285714285716; -54.88669657123071; [1.5005607631987021, 1.2740321919995385, 1.1692483093272847, 1.1029846329122335, 1.054501102603949, 1.0159433941907992, 0.9835283975827477, 0.9551204035501805, 0.9293493106335612, 0.9051971700518386]; [5.4810150470610356e-5, 0.0002650978859876967, 0.0005000113130959326, 0.0006707409877881388, 0.0007522747987970249, 0.0007309472421314299, 0.0006106611815915709, 0.00041136208239113924, 0.00017634900594683335, 0.00017634900594683335];
40; 0.3142857142857143; -55.721156877808504; [1.5150725968378775, 1.2894170518479038, 1.184773737734042, 1.118533830545025, 1.0700289323748953, 1.0314298789328429, 0.9989676150297656, 0.9705115635387254, 0.9446906951161068, 0.9204868456795554]; [5.228572487153819e-5, 0.00025956200659803437, 0.0004940854192372424, 0.0006689256132170244, 0.0007516974462319726, 0.0007301927925378425, 0.0006084512622204468, 0.00041255657981934365, 0.00017155322448409065, 0.00017155322448409065];
40; 0.32142857142857145; -56.56997825358177; [1.5309738329228921, 1.3059004591149261, 1.201301806034915, 1.1350229748773508, 1.0864578876570563, 1.0477846334985144, 1.0152396089295344, 0.9866987571531451, 0.9607924585028207, 0.9365006481526089]; [5.314180626003595e-5, 0.0002658764702533185, 0.0004982523833196322, 0.0006708841035761128, 0.0007535313676892976, 0.0007337265759428685, 0.000611697360694279, 0.00041708840410326596, 0.00016785947415170333, 0.00016785947415170333];
40; 0.32857142857142857; -57.42017298014266; [1.5356690728633196, 1.3126245767918678, 1.2086459568145822, 1.1426979596838907, 1.094349225345942, 1.0558280388238324, 1.023395088070483, 0.9949403799941716, 0.9691024938705097, 0.9448693752389669]; [5.223767246161763e-5, 0.00026379878764948674, 0.0004978253698462255, 0.0006677618935368499, 0.0007497784193627839, 0.0007323915228876064, 0.000611208004055572, 0.00041731928986659127, 0.00016775977107463924, 0.00016775977107463924];
40; 0.3357142857142857; -58.284162387108516; [1.5601795028501986, 1.3362657652848813, 1.2318032282508011, 1.1655046338578177, 1.1168624494294417, 1.0780752127423492, 1.0454045733920405, 1.0167409184291507, 0.9907127391085045, 0.9663116293499835]; [5.061530017144969e-5, 0.00026388271857997895, 0.0004968878071769833, 0.0006680208230897764, 0.0007516973117162051, 0.0007319278721772378, 0.0006122610606525135, 0.0004069405786973989, 0.00016418566153836352, 0.00016418566153836352];
40; 0.34285714285714286; -59.14973786948139; [1.5725481841623505, 1.3493566989008823, 1.2450449888119222, 1.1787899432808262, 1.1301458077352906, 1.0913410768167435, 1.058646495622464, 1.0299567603306472, 1.0038965999125506, 0.9794559692294882]; [4.649437724790972e-5, 0.0002584493069635146, 0.0004931554858491283, 0.0006666745475365107, 0.0007525985275283161, 0.0007294546842040071, 0.0006095906313241028, 0.0004082622504738487, 0.0001663849306739223, 0.0001663849306739223];
40; 0.35; -60.027641426935894; [1.5875833765799958, 1.3646316048281297, 1.2602958414621184, 1.1939799190246094, 1.1452652821108018, 1.1063836708363648, 1.0736129019314422, 1.044845831528861, 1.0187144204270604, 0.99419421085229]; [4.6432553580377866e-5, 0.0002550722766043262, 0.0004895330130685332, 0.0006637025136626077, 0.0007511158511608423, 0.0007323578551509336, 0.0006099089565442503, 0.0004136454558837864, 0.00016720112549654484, 0.00016720112549654484];
50; 0.0; -39.999999999999986; [0.0, 0.0, 0.0, 0.0, 0.0, 0.0, 0.0, 0.0, 0.0, 0.0, 0.0, 0.0, 0.0]; [0.0, 0.0, 0.0, 0.0, 0.0, 0.0, 0.0, 0.0, 0.0, 0.0, 0.0, 0.0, 0.0];
50; 0.007142857142857143; -40.00999945803579; [0.028568508757210044, 2.9137218300524405e-5, 2.9048813518579737e-8, 2.8877155695131962e-11, 2.8695835635315004e-14, 2.851454739661098e-17, 2.8732100218024324e-20, -5.21956641772563e-22, 2.0399032241966283e-22, 1.6357747162979514e-22, -3.4361843772337134e-22, 1.0622717694243009e-21, -1.2684394029804955e-21]; [3.441975577470459e-12, 1.1074353108999341e-11, 1.8185673200592866e-14, 1.9059149026005148e-17, 1.7390257561026333e-20, 1.039352869507184e-21, 9.525773326559112e-22, 7.859654454525908e-22, 9.422486686370902e-22, 9.2209897188701e-22, 9.985369384470736e-22, 3.111762449610618e-22, 3.111762449610618e-22];
50; 0.014285714285714285; -40.039991303479184; [0.057119393899930815, 0.0002326817566766708, 9.265524429259874e-7, 3.678954155539559e-9, 1.4602166806291006e-11, 5.795525676599168e-14, 2.302660991147592e-16, 1.042156732187978e-18, 1.736897769081612e-19, 1.982264305114388e-19, 3.328632510419931e-19, 2.0478913568555225e-19, 1.328205374992627e-18]; [2.3128403364250977e-11, 8.237520478562094e-11, 5.50967852522981e-13, 2.8470443554022187e-15, 1.322916979637771e-17, 1.0630806509214609e-18, 1.180500978246803e-18, 1.2973145275301192e-18, 1.3517451288310333e-18, 1.3839530065079878e-18, 1.2099433578470678e-18, 1.316549800764952e-18, 1.316549800764952e-18];
50; 0.02142857142857143; -40.08995576210233; [0.08563450779503272, 0.0007829539317886758, 6.9979016956006305e-6, 6.236600220985283e-8, 5.556057527800916e-10, 4.949525012364133e-12, 4.40605350231865e-14, 3.861673302643445e-16, 4.520759175293e-17, 3.432176776640108e-17, 4.569542592372112e-17, 1.6833256293636676e-17, 1.6533195146201867e-17]; [6.913997278653906e-10, 1.0780233068115062e-9, 1.6459016812912805e-11, 1.8479388284795955e-13, 1.8342829282684556e-15, 7.930106782756082e-17, 8.284751089866062e-17, 9.08552715496634e-17, 8.25076099463738e-17, 9.778047478920756e-17, 8.700981172965257e-17, 7.995364220256827e-17, 7.995364220256827e-17];
50; 0.02857142857142857; -40.15985967383529; [0.11409549757784893, 0.0020285616771513653, 4.3538994037176474e-5, 9.712903693509732e-7, 2.1797687206716006e-8, 4.895279935440771e-10, 1.0993464132460865e-11, 2.468644907393786e-13, 5.54320267279174e-15, 1.244659440474624e-16, 2.794690014435823e-18, 6.274992028726594e-20, 1.4089343507633873e-21]; [1.5276916922626936e-15, 2.3201596637697928e-14, 5.4523500924403994e-14, 2.3544114418332718e-15, 5.3853761048944226e-17, 1.1006105715973842e-18, 2.559994705130885e-20, 7.1067287649514e-22, 1.8301185241147966e-23, 3.605827700147985e-25, 4.8528012671305625e-27, 1.5508289039491753e-27, 1.5508289039491753e-27];
50; 0.03571428571428571; -40.24965862226889; [0.142487439327264, 0.003953343171436803, 0.0001325010124535246, 4.616789433655111e-6, 1.6183349412261097e-7, 5.676820899568986e-9, 1.9912784290384598e-10, 6.984341774017028e-12, 2.44960826081609e-13, 8.591228189314306e-15, 3.013056408908709e-16, 1.056710373404116e-17, 3.705979910525014e-19]; [9.712060158289367e-12, 1.0524966600685175e-9, 1.2585554516102746e-10, 7.831459834571416e-12, 3.1513601774861803e-13, 9.846317133822841e-15, 2.9629748225988017e-16, 1.1308007762150691e-17, 4.514511865275348e-19, 1.9014430645156828e-20, 7.549884770927164e-22, 2.5665445427469533e-23, 2.5665445427469533e-23];
50; 0.04285714285714286; -40.35928940000829; [0.17078570936994025, 0.0067893648490456, 0.00032557226449259524, 1.622501026091188e-5, 8.134027670293085e-7, 4.0806707740211576e-8, 2.047140233206541e-9, 1.0269061468473467e-10, 5.151002795058145e-12, 2.5836928771771847e-13, 1.2959386596106743e-14, 6.500186602019363e-16, 3.260361105581228e-17]; [8.09738671285856e-11, 7.501051489420188e-9, 1.706623329827528e-9, 1.6838192976030729e-10, 1.0777433696354989e-11, 5.669507877428536e-13, 2.6522269375479886e-14, 1.0623521377382401e-15, 3.6457928011789335e-17, 2.4153713395374554e-18, 1.639545947526168e-19, 7.734488301263068e-21, 7.734488301263068e-21];
50; 0.05; -40.48867756691038; [0.19897161491786555, 0.010702553002123194, 0.000693222661783008, 4.66442558206715e-5, 3.1570134140386715e-6, 2.1382365812115562e-7, 1.4481877187332967e-8, 9.80757624765188e-10, 6.641673734026257e-11, 4.4976135110208264e-12, 3.045655809851157e-13, 2.062421884282418e-14, 1.396620777805427e-15]; [1.206956572669265e-10, 6.379934726833056e-9, 2.3618449170922006e-9, 3.2179416525242184e-10, 3.025817543246625e-11, 2.350197741759068e-12, 1.4673855861286254e-13, 8.269688772520557e-15, 4.3189892860964313e-16, 2.338320533664939e-17, 1.3127340551801394e-18, 1.67786862557843e-20, 1.67786862557843e-20];
50; 0.05714285714285714; -40.63773224333659; [0.22702332809734804, 0.015840543298551935, 0.00132824902033486, 0.00011564213509499703, 1.0126739317312163e-5, 8.874005099709044e-7, 7.776061925037713e-8, 6.813458818521172e-9, 5.9697226439161e-10, 5.230329007320676e-11, 4.582442512414961e-12, 4.014703371203587e-13, 3.516385884796836e-14]; [1.980167398931344e-10, 1.0744600104999295e-8, 2.672236651506551e-9, 3.8253702061750704e-10, 3.711015757516336e-11, 2.9762640366343692e-12, 2.5876941789192985e-13, 2.867615717943062e-14, 2.808420818732435e-15, 2.0670782703779247e-16, 1.4368088134421556e-17, 2.5944750834345094e-18, 2.5944750834345094e-18];
50; 0.06428571428571428; -40.806346987175566; [0.2549187596181532, 0.022360079418827693, 0.002361450520638555, 0.00025928032221472384, 2.8643834683295175e-5, 3.1668186486860037e-6, 3.5011587243619425e-7, 3.8705195453123624e-8, 4.278636292060028e-9, 4.729661052620818e-10, 5.2282126999416055e-11, 5.780131520033572e-12, 6.400875096318057e-13]; [2.4365876383179737e-10, 1.5010151793673827e-8, 7.182545493290684e-9, 1.6451874397370459e-9, 2.440311275696835e-10, 2.4745822051766113e-11, 2.57067440131947e-12, 3.30559157256239e-13, 4.320712181459043e-14, 4.3348030849845356e-15, 5.197404541728318e-16, 2.2190390684507848e-16, 2.2190390684507848e-16];
50; 0.07142857142857142; -40.99439657391513; [0.28263192367704043, 0.0303473655139457, 0.00391711218048568, 0.000525546199216273, 7.094570647548707e-5, 9.584625278425964e-6, 1.294857956819838e-6, 1.7491955348629805e-7, 2.3628328674464748e-8, 3.19159784859046e-9, 4.3101527385214263e-10, 5.808919861814868e-11, 7.675354164235027e-12]; [5.553436298442586e-10, 2.802214247494573e-8, 1.3336247673404905e-8, 3.4608565775920285e-9, 6.72503026802318e-10, 1.1329264096037284e-10, 1.6197778177809697e-11, 1.915577026152452e-12, 1.724063902761066e-13, 1.698748093215994e-14, 1.716477621057137e-14, 1.4003530949624413e-14, 1.4003530949624413e-14];
50; 0.07857142857142857; -41.56230499511539; [0.46266958869916874, 0.2428601503491958, 0.2052553029526784, 0.1841494300463029, 0.1676728638497212, 0.15537125293266024, 0.14792370718920717, 0.142777107317086, 0.13840235182817018, 0.1351078935630558, 0.12833805146740587, 0.1167091473989748, 0.10037395539701625]; [0.03618077058716144, 0.03810865865489246, 0.033855058927627614, 0.029175303923989128, 0.023289991635064598, 0.01966385057265153, 0.020107083624446305, 0.018600837127116552, 0.01778432758723651, 0.02118178430690502, 0.02480424864966568, 0.01911743931515041, 0.01911743931515041];
50; 0.08571428571428572; -42.49301155731943; [0.6977994853077523, 0.46592815404940785, 0.3842883451608198, 0.34618257045434353, 0.3260147752464324, 0.31431586241582615, 0.3068940829472797, 0.3014830067631502, 0.2968773049636713, 0.2929108845787449, 0.2897639077259364, 0.2865189262571524, 0.28353556029198684]; [0.019417937590072317, 0.017370499395468388, 0.017276762057577572, 0.015890910100956696, 0.012965751164113143, 0.009930077167836351, 0.007158760716946731, 0.004457950781281128, 0.002170363636155116, 0.0019741259229541616, 0.0020515523166702906, 0.0007123936743827618, 0.0007123936743827618];
50; 0.09285714285714286; -43.118218501786586; [0.7785709326128033, 0.5334329275367468, 0.44650541288375095, 0.4029493465466982, 0.37829240768650413, 0.36376274530142283, 0.3550324986064213, 0.3496409601192467, 0.3459553844973603, 0.3429702102796468, 0.33984291863558663, 0.33683591466706847, 0.3329439816367681]; [0.007306035992793793, 0.005068784228259123, 0.0046533804199209786, 0.004407438317082585, 0.004166439908014435, 0.0035174936477463275, 0.0027793328532531025, 0.002163555120755694, 0.0014944288490314165, 0.0013207234835489565, 0.001761197093822314, 0.002101804198041688, 0.002101804198041688];
50; 0.1; -43.74802895090413; [0.8534397214898862, 0.5940306119579376, 0.4968331562159164, 0.440899121819911, 0.4037121013869844, 0.37688475646122754, 0.35656314983125886, 0.34063139162167283, 0.32778343989216446, 0.31715087350710586, 0.30787996503947956, 0.2987214684038753, 0.2889612732188276]; [0.011379321354969274, 0.00859050264162318, 0.0073770929654980175, 0.006413223327762567, 0.005328108636160333, 0.004009572673537118, 0.002710820276084249, 0.00181548581977517, 0.001603137164149621, 0.001657210617732229, 0.0011278920404236999, 0.0004701572020989084, 0.0004701572020989084];
50; 0.10714285714285714; -44.36848991180539; [0.8770018116647991, 0.6167984963344619, 0.5178961489355844, 0.4610280807060707, 0.4237872542203891, 0.3977051302767131, 0.3786602346195406, 0.36430954618572675, 0.3530892569557393, 0.3438376213040469, 0.33560385909953205, 0.32765259851490086, 0.3199677573349775]; [0.01361015408737616, 0.008813519528843834, 0.005681515763286638, 0.0037127272443898567, 0.0027527768902845234, 0.0021977750753090714, 0.0019770034473138008, 0.0021445532916016825, 0.0024548515669698566, 0.0025909850570193863, 0.002296346524107294, 0.001661324078903495, 0.001661324078903495];
50; 0.11428571428571428; -45.034447300040924; [0.9314100753649565, 0.6650071293587786, 0.5600082166528958, 0.49603137570135164, 0.44962310359141855, 0.41323617236610477, 0.38332001916736114, 0.35773773558147404, 0.3352384736998324, 0.31520738497030193, 0.29720075714372424, 0.28171380407034485, 0.2673975179703771]; [0.010844593248339307, 0.00994306317304856, 0.010182437688764095, 0.010310566229238309, 0.00970806398160753, 0.009065980345104809, 0.008805169835303817, 0.008475436956265604, 0.007715192075782058, 0.0062804732304559225, 0.003774585934493498, 0.002419704831223117, 0.002419704831223117];
50; 0.12142857142857143; -45.71879054546443; [0.9801508844184785, 0.7137619498045373, 0.6103753154922862, 0.5494799901991426, 0.5070656014517688, 0.4746861085088373, 0.448425368137231, 0.4261925426866856, 0.4067608568605296, 0.3893387496102892, 0.37336798065723537, 0.3583882939106065, 0.34394257968022734]; [0.00063053909593613, 0.00044747316761816093, 0.0004893019415575936, 0.0005998414862585445, 0.0006956204355402225, 0.0007416241953017202, 0.0007567361888746077, 0.0007251818797356449, 0.0006209584718803593, 0.0004715957370789422, 0.00041172859344640897, 0.0005656550108586805, 0.0005656550108586805];
50; 0.12857142857142856; -46.414899654059745; [1.0109141101167907, 0.7450333706604628, 0.6406178823307256, 0.5789797861665607, 0.5360100033530718, 0.5032209514525628, 0.47670883576457457, 0.45438193499823126, 0.43493627325025597, 0.41749605987921384, 0.4014973059518347, 0.38655151661587867, 0.37246490124658604]; [0.000319090134356435, 0.0003026428102187051, 0.0004248293757854379, 0.0005498442594965886, 0.0006362244103809625, 0.0006855242571515174, 0.0007149241328657973, 0.0006743586206947351, 0.0005679824507400262, 0.00046660457183191073, 0.00035578206332681, 0.00020490956118103057, 0.00020490956118103057];
50; 0.1357142857142857; -47.129867897174904; [1.0374055966512954, 0.772707491309323, 0.6673683715949473, 0.6046905656926896, 0.5606822469264552, 0.5268187130519197, 0.4991331868450536, 0.47552818755212695, 0.4547780257422983, 0.4361180160144093, 0.41901191396539017, 0.4030047401531256, 0.3880335593966895]; [0.0003471920429223827, 0.00030428868107936445, 0.00039850454931425396, 0.0004915401631011801, 0.000562482891112367, 0.000642401063792704, 0.0007538462778672961, 0.0008614962853099009, 0.0008891329159486858, 0.0007611883898424247, 0.0004420232798987169, 0.00031414755355430425, 0.00031414755355430425];
50; 0.14285714285714285; -47.86571675128183; [1.064487166042822, 0.8011826595692378, 0.6953217153115157, 0.6322099105499359, 0.5879096086118759, 0.5539113816019348, 0.5262838293857077, 0.5028787041493732, 0.48238785061760275, 0.46395572617341735, 0.44699946690657616, 0.43108451283742305, 0.4159195861574214]; [0.0004340055209755045, 0.0003504195503269022, 0.00041871377601033284, 0.0005395231632425945, 0.000647692128737661, 0.0007189500663522741, 0.0007432635219074437, 0.0007203285047002296, 0.0006513283004497744, 0.0005450351113307082, 0.0004120277546267863, 0.000272574109981996, 0.000272574109981996];
50; 0.15; -48.617476438955535; [1.090666707900835, 0.8288308988874068, 0.7224601053458708, 0.658782036028335, 0.6139611257330397, 0.5794831993040216, 0.5514166123279589, 0.5276149640545098, 0.5067777825317132, 0.48805011963923967, 0.4708265643383699, 0.45463270069333045, 0.4389890873325421]; [0.00022308938096457718, 0.0003042496211850858, 0.00044605935383878884, 0.000577885450116336, 0.0006749349076159987, 0.0007269699061681211, 0.0007251611070430498, 0.0006816394927212818, 0.0005958327115211859, 0.0004773203942411753, 0.00034315125997824464, 0.00022965175111147842, 0.00022965175111147842];
50; 0.15714285714285714; -49.38614575981842; [1.1083753084435042, 0.8492448972098634, 0.7429370400727456, 0.6790364503195496, 0.6339408006360807, 0.5991726374160827, 0.5708044367078519, 0.5467021527844486, 0.5255570077072464, 0.5064984790650521, 0.4889169102032592, 0.4723470828210013, 0.4562801143451056]; [0.0002859424744862803, 0.00033181952130741685, 0.00047947254358132415, 0.0006321368309374917, 0.0007473753898143315, 0.0008059232629012033, 0.0008166261570861034, 0.0007752572454668015, 0.000689485340445926, 0.000576409587718847, 0.00044681312866379, 0.0003286095307810051, 0.0003286095307810051];
50; 0.16428571428571428; -50.173846669540026; [1.1357109490016564, 0.877194562594468, 0.769376813188255, 0.7032095831479567, 0.6550711447474798, 0.6166407300884463, 0.5842327182139293, 0.5559580303458121, 0.5308298700281838, 0.5083690769585479, 0.4882205945838815, 0.469335671684735, 0.4513552038097753]; [0.0010326969490226194, 0.001157089427739139, 0.001814103501794371, 0.002375762109157854, 0.0024735391212873685, 0.002317488564393758, 0.002056195347262432, 0.0016944699589525887, 0.001329082230471777, 0.0011594699582080329, 0.000760768566238135, 0.00020933504953401337, 0.00020933504953401337];
50; 0.17142857142857143; -50.97645140093514; [1.1622620373873305, 0.9058463098949802, 0.7987800121909837, 0.7340245894806922, 0.6881890379764817, 0.6527794025646864, 0.6238638012162648, 0.5993089659423829, 0.5778012011593505, 0.5584661422434778, 0.5406840441783574, 0.5239833220594564, 0.5080336510288791]; [0.00017610415807494252, 0.00024067866829095705, 0.00040700393447252005, 0.0005649662217360774, 0.000678287110684572, 0.0007383066307983393, 0.0007429514066018621, 0.0006844066019048065, 0.0005731960412799272, 0.00042416781814825816, 0.0002448096155453359, 3.1943317180686e-5, 3.1943317180686e-5];
50; 0.17857142857142858; -51.79315932160584; [1.1819890259408543, 0.9278824265333909, 0.8209531994868506, 0.7561141949517876, 0.7101748503967489, 0.6746900754555596, 0.6457115003717688, 0.6210940910986545, 0.5995385250415173, 0.5801857736566769, 0.5624238061421281, 0.5457865349038844, 0.5299327350128435]; [0.00010076679348655438, 0.00021580283374648704, 0.00041202658886335165, 0.0005874038891072681, 0.0007122163299944916, 0.0007808768493103991, 0.0007863020616892076, 0.0007277907833931295, 0.0006119224513939911, 0.00045070389422975676, 0.00025923632931638073, 6.7885650580994465e-6, 6.7885650580994465e-6];
50; 0.18571428571428572; -52.6273151232949; [1.202901496446178, 0.9507479290456518, 0.8437053557432014, 0.7784978708346388, 0.7320978108390949, 0.6960982952095714, 0.6665816403738928, 0.6413999972171773, 0.6192379864476352, 0.5992151600824579, 0.5806995954581362, 0.5632388464239685, 0.5464631941876409]; [9.987178515038582e-5, 0.00021654363565077708, 0.0004044856562696254, 0.0005654353552467634, 0.0006636438873070017, 0.0007162034092320763, 0.0007221265282603082, 0.0006807263060468385, 0.0005889906385060865, 0.00044624121998417546, 0.0002891507891190649, 9.802157543279035e-5, 9.802157543279035e-5];
50; 0.19285714285714287; -53.473288709635966; [1.2215626797854768, 0.9717231185411879, 0.8649632671049904, 0.7998271259613925, 0.753489948181449, 0.7175624714501215, 0.6881298387709958, 0.6630675994175141, 0.6410813879794824, 0.6213079935241758, 0.6031257360466057, 0.5860561124923008, 0.5696943259888616]; [6.850385320446887e-5, 0.00022461839175279204, 0.0004220653027107053, 0.0005959471510599503, 0.0007253411575957998, 0.0007950920833544417, 0.0007989058265322756, 0.0007393435123196939, 0.0006278926148007494, 0.0004762248072273429, 0.00030589035033077666, 0.00015154298380429298, 0.00015154298380429298];
50; 0.2; -54.33652350107356; [1.2390816960242497, 0.9915530582936726, 0.8850282359367811, 0.8198564979884082, 0.7733981189217206, 0.7373201371362179, 0.7077359258973347, 0.6825320345610041, 0.6604094722426176, 0.6404935163662426, 0.6221474551293606, 0.6048767296539288, 0.5882520661025253]; [9.43665684793009e-5, 0.0002321805957375779, 0.00042613227248583844, 0.0005997815930877253, 0.0007240866818863556, 0.000788911300201445, 0.0007953040682774628, 0.0007435543414736424, 0.0006399021801943556, 0.0004957956657999092, 0.000332475009092988, 0.0001953629220994556, 0.0001953629220994556];
50; 0.20714285714285716; -55.212184433493455; [1.2627956463243535, 1.0166261928544709, 0.9099634348916299, 0.844517080443696, 0.7977712028678872, 0.761416604989481, 0.731565731476285, 0.7061005044866493, 0.6837190603170696, 0.6635435961793652, 0.6449434129626664, 0.627432239308401, 0.610580838907831]; [6.327829223608147e-5, 0.00022077755207514817, 0.0004181191488908426, 0.0005967829334896174, 0.0007324835699924206, 0.0008029183035971029, 0.0008079633575423764, 0.0007489760023523998, 0.000632008578242923, 0.00047575724267532546, 0.0002996013699579637, 0.00012701699507003972, 0.00012701699507003972];
50; 0.21428571428571427; -56.10090606974339; [1.2805938793373224, 1.0365000208113253, 0.9300931873717355, 0.8646650877297464, 0.8178880313640658, 0.781494063959028, 0.7515975031357621, 0.7260800536010713, 0.7036480722305483, 0.6834358520781771, 0.6648167077516114, 0.6473028248901666, 0.6304711719489384]; [4.6997344425543266e-5, 0.000215680974626494, 0.00042356235190614446, 0.0006090953629161806, 0.0007455246551470287, 0.0008232207032965033, 0.000834778064088221, 0.0007800475316033906, 0.0006648212423242262, 0.0005016246664744392, 0.00030943078491835993, 0.00010458240280030957, 0.00010458240280030957];
50; 0.22142857142857142; -57.00254966262053; [1.3077648625256264, 1.0643357104804836, 0.957542380499619, 0.8916446077721312, 0.8443702913144873, 0.807499830688799, 0.7771572257099714, 0.7511998648331782, 0.7283020739366468, 0.7075638465078081, 0.6883549675270981, 0.670208075992159, 0.652731456423268]; [6.146630447217975e-5, 0.0002092408177329859, 0.0004188632739910721, 0.000610932553740795, 0.0007540103257007367, 0.0008365227582472083, 0.0008544623498490079, 0.0008055104794301452, 0.000693407186957282, 0.0005398145529639471, 0.00037049886498605373, 0.00019020551301705927, 0.00019020551301705927];
50; 0.22857142857142856; -57.922773036076606; [1.3237311517984387, 1.0824396050774634, 0.9760342029298819, 0.9102996327302662, 0.863155027567335, 0.8263856205608039, 0.7961169124286512, 0.7702371166235463, 0.7474526417481383, 0.7268952038679651, 0.7079310495192634, 0.6900691452117117, 0.6729076171279796]; [4.821600837307649e-5, 0.00021941057972163204, 0.0004273761612751072, 0.0006092888686348193, 0.0007486039265491416, 0.0008286441352016113, 0.0008404168361918198, 0.0007807293773582245, 0.0006622435801362045, 0.0004987216296644657, 0.0003143253937819703, 0.00012343161125901207, 0.00012343161125901207];
50; 0.2357142857142857; -58.84963953209855; [1.3481991607710913, 1.1077555514058415, 1.0011653505700688, 0.9351683667748499, 0.8877522086185604, 0.8507136914537176, 0.8201897921155842, 0.7940699333239423, 0.7710561387840074, 0.7502748771636957, 0.7310865246182419, 0.7129813732020495, 0.6955265094235533]; [5.6103049058923856e-5, 0.00022098417496759767, 0.000427164944681384, 0.000613698338169328, 0.0007563471925462191, 0.000830308325719001, 0.0008373932328595744, 0.0007815930642588358, 0.0006690926974853374, 0.0005074497937978574, 0.00031582076618573695, 0.000152034636038728, 0.000152034636038728];
50; 0.24285714285714285; -59.79269495841978; [1.3559401174689354, 1.1184506860267622, 1.0126248630589476, 0.9469850068520832, 0.8997821169456067, 0.8629130709322761, 0.8325246174876028, 0.8064998224426816, 0.7835492522311621, 0.76281328493999, 0.7436661775952349, 0.7256142267012179, 0.708229722942389]; [5.1759853054762154e-5, 0.00022013433749077, 0.0004285345791747986, 0.0006187189476344131, 0.0007595366097366353, 0.0008379175060290157, 0.0008469049460697648, 0.0007917419911216713, 0.0006779544426821101, 0.0005127981604472299, 0.00031997845511311186, 0.00014665936478076212, 0.00014665936478076212];
50; 0.25; -60.74520980394276; [1.3774828487299533, 1.1409895587419887, 1.0351067525754871, 0.9693064699887868, 0.9219135483255674, 0.8848269115344266, 0.8542202456108032, 0.8279941287322422, 0.8048537406290514, 0.7839217854691096, 0.764572853887266, 0.7463096053380006, 0.7286883827915797]; [4.642642171626842e-5, 0.00021724189195904267, 0.00043129833708869164, 0.0006192928515374898, 0.000760238477153762, 0.0008424617710369936, 0.0008548172966274468, 0.0007948635482617815, 0.0006732540367770355, 0.0005142455097777268, 0.0003247813569996703, 0.00012376704887927747, 0.00012376704887927747];
50; 0.2571428571428571; -61.710096492436335; [1.3901833776610297, 1.15575105824586, 1.0503175732227923, 0.9846899266885739, 0.93738948102778, 0.9003697963254805, 0.8698084004049622, 0.8436055570341804, 0.8204758968163371, 0.7995558015034667, 0.780219212918495, 0.7619777167649237, 0.7444044499326937]; [4.883052916596617e-5, 0.00022008565227114746, 0.0004322411083127742, 0.000621314087109224, 0.0007620990915905308, 0.0008458725866405124, 0.0008601872778410286, 0.0008048166025064363, 0.0006870013207285626, 0.000521522402139325, 0.0003253540292533599, 0.00011493348734569713, 0.00011493348734569713];
50; 0.2642857142857143; -62.6892385300598; [1.4100496920557999, 1.1766145476887764, 1.0712069184531376, 1.0054827081490803, 0.9580524324385545, 0.9209098573548584, 0.8902311185287644, 0.8639086172422838, 0.8406553413898332, 0.8196106313310543, 0.8001472646124494, 0.781777854058792, 0.7640944967239562]; [4.3002614898364484e-5, 0.0002170121170073804, 0.00042753531560919085, 0.0006170718135589936, 0.0007611118064805623, 0.0008423873445513667, 0.0008554122114277646, 0.0008019104476288808, 0.0006845057822787975, 0.000516103364493386, 0.0003236025498836086, 0.00011090911577287212, 0.00011090911577287212];
50; 0.2714285714285714; -63.675151063598996; [1.4205632702631739, 1.1892277900296464, 1.0843269797327721, 1.0188203840530212, 0.9715044660968307, 0.9344226278089808, 0.9037762835308618, 0.8774700780708767, 0.8542217746884424, 0.8331729070054603, 0.813698281719508, 0.7953100428007306, 0.777599569337276]; [4.225117949070385e-5, 0.0002152481057699765, 0.00042621689541005615, 0.0006165667384848731, 0.0007601747424685896, 0.0008431356141538474, 0.0008566898622474773, 0.000802676531596637, 0.0006855773946152706, 0.0005170872464585244, 0.0003221494369129471, 0.00011763163871317884, 0.00011763163871317884];
50; 0.2785714285714286; -64.67785287397237; [1.4392393840532816, 1.2088225971882194, 1.1039672203328956, 1.0383903361601932, 0.990973026788447, 0.9537879222607345, 0.9230399610772017, 0.8966319380119899, 0.8732767604578489, 0.8521167649326226, 0.8325322211173113, 0.8140301068572131, 0.7962027133543106]; [4.269033247716688e-5, 0.0002146649500811849, 0.0004244926804685549, 0.0006182415346564801, 0.0007605290736534871, 0.0008438189500960048, 0.0008595131888021821, 0.0008040574835173738, 0.0006883296725056784, 0.0005220115408155139, 0.00032134431647637976, 0.00012861060456613904, 0.00012861060456613904];
50; 0.2857142857142857; -65.6888760058251; [1.4616663043902267, 1.2315420555222043, 1.1265048338022663, 1.0607264296277195, 1.013115630416681, 0.9757496865416965, 0.9448337148323502, 0.9182662457273072, 0.8947615508307138, 0.8734568787446, 0.853728406846719, 0.8350873992014495, 0.8170996030893294]; [4.3697384948205485e-5, 0.00021441102339197091, 0.00042757867170995433, 0.000620535089296933, 0.0007652673872440637, 0.0008491406938864576, 0.0008641975565476535, 0.000812383279027001, 0.0006947991852794064, 0.000529502875103385, 0.0003324414839496936, 0.00013244202869105697, 0.00013244202869105697];
50; 0.29285714285714287; -66.7100831355389; [1.4675683280633876, 1.239818142180053, 1.1354631217382505, 1.0700277241137899, 1.0226273129879186, 0.9854043073401078, 0.9545915641623678, 0.9281011113293585, 0.9046546894499949, 0.8833948165278962, 0.863701065960212, 0.8450865428848244, 0.8271204094071924]; [4.32622405481024e-5, 0.00021357850787759455, 0.00042571608771058475, 0.0006176735767187173, 0.0007618162066970198, 0.0008462040142156329, 0.0008615164870335969, 0.0008095860985860569, 0.0006927522172406079, 0.0005281715916874059, 0.00033162951079598673, 0.00013183389665850386, 0.00013183389665850386];
50; 0.3; -67.7441312232478; [1.4893029058457876, 1.2616947446334807, 1.1571495057362282, 1.0915166834236572, 1.0439316615383658, 1.0065398010109916, 0.9755700883759638, 0.9489344666550837, 0.9253482211585636, 0.9039550140640147, 0.8841301290826852, 0.8653845859974529, 0.8472928037271499]; [4.164888229120216e-5, 0.00021351150884864234, 0.0004254537578694798, 0.0006194465703888817, 0.0007656075572076833, 0.000849769732493877, 0.0008669184578226941, 0.0008126374915942663, 0.0006977975691154192, 0.0005297118348889726, 0.000334480898655182, 0.0001246069892934104, 0.0001246069892934104];
50; 0.30714285714285716; -68.78445538555661; [1.494612123153791, 1.269245409769256, 1.1653608667804103, 1.1000691111544896, 1.052698009391477, 1.0154517882521383, 0.9845874900867712, 0.9580325256351874, 0.9345109101654254, 0.9131707258647282, 0.8933898902022819, 0.8746807736812597, 0.8566201375670837]; [4.092316872001951e-5, 0.00021196298610249884, 0.0004231316092252603, 0.0006161954581927353, 0.0007617106848987074, 0.0008462377865466785, 0.0008638689515798776, 0.00081013826738515, 0.0006956767694288433, 0.0005281823077588848, 0.00033247154383689737, 0.00012509575780173156, 0.00012509575780173156];
50; 0.3142857142857143; -69.84016463885794; [1.5161653814662086, 1.2907214716701108, 1.1865991501272148, 1.1210913423221605, 1.0735343212757458, 1.0361085835406763, 1.005071218829305, 0.9783548304002774, 0.9546905384666196, 0.9332209909885741, 0.9133201885163722, 0.8944893614303314, 0.8763024804961949]; [3.852794109514759e-5, 0.00020928775264447848, 0.0004219333827571476, 0.0006168136295482111, 0.000764079318286011, 0.0008511168650560305, 0.0008677194203078767, 0.0008161895073910886, 0.0006985871986993471, 0.0005310612747073695, 0.0003305986734251466, 0.0001304366756437892, 0.0001304366756437892];
50; 0.32142857142857145; -70.90278214143916; [1.5358429258432345, 1.3104409538545823, 1.2061562159864598, 1.1404845311835683, 1.0927704324697474, 1.0551991118385964, 1.024025029814824, 0.9971810945116207, 0.9733914677972675, 0.9517978624892623, 0.9317748127814275, 0.9128263885790758, 0.8945234125735847]; [3.7244029254308785e-5, 0.0002071919596150863, 0.0004201640228757878, 0.0006131426586272082, 0.0007602604979763965, 0.0008451694034865752, 0.0008655595636914516, 0.0008130249182160843, 0.000696294185061106, 0.0005296280198778768, 0.0003307389102703788, 0.00012942368702453176, 0.00012942368702453176];
50; 0.32857142857142857; -71.97270430285589; [1.552024306682371, 1.3270190736712073, 1.2227244839413678, 1.1569971621245105, 1.1092138366643014, 1.0715555207642269, 1.0402963585349214, 1.0133764629203266, 0.9895179929930303, 0.9678576858262059, 0.9477664034500781, 0.9287434211281459, 0.9103440895632638]; [4.5855346584206546e-5, 0.00021314924148724043, 0.0004268324594939593, 0.000624399713377703, 0.0007761653201478813, 0.0008679708143487819, 0.0008868352719589788, 0.0008273355002766558, 0.0007051973573839049, 0.0005375854847820847, 0.00034031535810420004, 0.00013375315651243796, 0.00013375315651243796];
50; 0.3357142857142857; -73.0591694251751; [1.5610168141401042, 1.337327290360068, 1.2333924535080143, 1.1678219735504949, 1.1201204329035805, 1.082514669689544, 1.0512831330241934, 1.0243674547947044, 1.0004996637999264, 0.9788232002473451, 0.9587079485999561, 0.9396591995087915, 0.9212448430201229]; [3.579118929071388e-5, 0.00020114925896835842, 0.0004137170753473632, 0.0006083507673534424, 0.0007577771734593054, 0.0008473032311387329, 0.0008667332425922287, 0.0008154114790931346, 0.0007009414486385139, 0.0005323587511620191, 0.0003349473410605231, 0.00012834879558297528, 0.00012834879558297528];
50; 0.34285714285714286; -74.1509154509211; [1.5669039549453982, 1.3448918938281895, 1.241482130647662, 1.1761868246310474, 1.1286592850084713, 1.0911963179419986, 1.0600911944311346, 1.0332801997838064, 1.009494174130415, 0.9878801553349509, 0.967818429889579, 0.9488205698196812, 0.9304571763463859]; [3.6876458865513184e-5, 0.00020561310743935008, 0.0004175600461795055, 0.0006129221082567415, 0.0007597613562094506, 0.0008477958924249836, 0.0008656859401726541, 0.0008147905480732552, 0.000699427503566568, 0.0005325927699114406, 0.0003360974791256593, 0.0001297249816125044, 0.0001297249816125044];
50; 0.35; -75.25325534190421; [1.5862269670647908, 1.3638306417226493, 1.260155924061063, 1.1946546027315572, 1.1469576713115357, 1.1093241144305352, 1.0780464077604663, 1.0510782959702545, 1.0271585107789436, 1.0054295830198225, 0.9852639510138038, 0.9661574523339587, 0.9476841815286052]; [3.500385263610082e-5, 0.0002031704532073735, 0.0004141793684284301, 0.0006093961663959928, 0.0007575696834384526, 0.0008415350257679696, 0.0008586443402690405, 0.0008092433105266944, 0.0006950631579804296, 0.0005314850166334271, 0.0003305561282903021, 0.00012583284231843918, 0.00012583284231843918];
