# Hubbard model DMRG. This file contains many sizes. nmax=4, μ0=0.08, nsweeps=20, cutoff=[1.0e-8]
# L; J; E; Γ; eΓ; [calculated 2025-02-17T14:56:21.570]
10; 0.2; -2.1504404766981233; [0.7071599866583871, 0.416356158889414, 0.2754155483324502]; [0.0009649849397560595, 0.0013938419301270273, 0.0013938419301270273];
10; 0.20714285714285716; -2.2408298567689635; [0.7240590927909434, 0.4421300153163054, 0.3018406679602709]; [0.000985339769937418, 0.0015073027801872573, 0.0015073027801872573];
10; 0.21428571428571427; -2.3332237398630844; [0.7399006933686898, 0.4669659805092908, 0.3279399621534038]; [0.0010183584035401338, 0.0016005598259638792, 0.0016005598259638792];
10; 0.22142857142857142; -2.4275087003136617; [0.754855326084764, 0.4907743351658808, 0.35348003715306836]; [0.0010426239321551915, 0.0016790246014798337, 0.0016790246014798337];
10; 0.22857142857142856; -2.523574274125078; [0.7689485808517349, 0.5134747383339633, 0.37826776055804695]; [0.0010591125701768654, 0.0017417499363591243, 0.0017417499363591243];
10; 0.2357142857142857; -2.6213132442510636; [0.7822136138037883, 0.5350184947922045, 0.4021490853164398]; [0.0010691227032125204, 0.0017886271130322857, 0.0017886271130322857];
10; 0.24285714285714285; -2.7206226816157657; [0.7946897950857674, 0.5553895809740198, 0.4250194488311032]; [0.00107398773536521, 0.0018222326952941805, 0.0018222326952941805];
10; 0.25; -2.8214045379984514; [0.8064208992727251, 0.5745977516305812, 0.446815360651733]; [0.0010750951936546783, 0.0018434512408633764, 0.0018434512408633764];
10; 0.2571428571428571; -2.9235658522538133; [0.8174528009891009, 0.5926714701034539, 0.4675003689396239]; [0.0010736839185736856, 0.0018543912591108527, 0.0018543912591108527];
10; 0.2642857142857143; -3.027019406594982; [0.8278328537741719, 0.6096552528976259, 0.48707403244405323]; [0.0010709647516742237, 0.0018567478993264553, 0.0018567478993264553];
10; 0.2714285714285714; -3.1316834659863004; [0.8376078076572799, 0.6256047095290733, 0.5055530628967704]; [0.001067892239719947, 0.0018532890520819216, 0.0018532890520819216];
10; 0.2785714285714286; -3.23748192802415; [0.8468232333695237, 0.6405791781287803, 0.5229739169502009]; [0.001065254765325336, 0.0018433481237188117, 0.0018433481237188117];
10; 0.2857142857142857; -3.3443441091259296; [0.8555228971665944, 0.6546457699486803, 0.5393817794535851]; [0.0010638689460824521, 0.0018294999787028178, 0.0018294999787028178];
10; 0.29285714285714287; -3.4522044874475717; [0.8637478655991396, 0.6678654585251124, 0.5548332378200549]; [0.0010641004987928487, 0.00181308049271785, 0.00181308049271785];
10; 0.3; -3.5610025819583133; [0.8715367949627832, 0.6803046647175162, 0.569385659789411]; [0.0010664595469055667, 0.0017951118177124777, 0.0017951118177124777];
10; 0.30714285714285716; -3.6706825094966136; [0.8789253988240168, 0.692023926409529, 0.5831025506496945]; [0.0010712270786146182, 0.0017766730647195146, 0.0017766730647195146];
10; 0.3142857142857143; -3.7811926299828045; [0.8859461649987214, 0.703081349656996, 0.5960336038001327]; [0.0010784031370985542, 0.0017586821099721034, 0.0017586821099721034];
10; 0.32142857142857145; -3.8924853250763993; [0.8926291453828286, 0.7135326248960747, 0.6082419953584283]; [0.0010882424217702683, 0.0017410745832179496, 0.0017410745832179496];
10; 0.32857142857142857; -4.004516696057722; [0.8990016446376654, 0.7234268595985386, 0.6197802667453757]; [0.0011007863533445948, 0.0017247131600046123, 0.0017247131600046123];
10; 0.3357142857142857; -4.117246246761568; [0.9050886071475619, 0.7328137889366068, 0.6306987258970493]; [0.00111612907632984, 0.0017101937349798717, 0.0017101937349798717];
10; 0.34285714285714286; -4.230636395680518; [0.9109122613688223, 0.7417295091165131, 0.6410503699130754]; [0.001134064139033532, 0.0016973695358019985, 0.0016973695358019985];
10; 0.35; -4.344652555770087; [0.916493091863871, 0.7502156934004734, 0.6508779980957892]; [0.0011546291744561304, 0.001686596063663419, 0.001686596063663419];
20; 0.2; -4.65951752600052; [0.6607519139086411, 0.4775551022155428, 0.4020965799688866, 0.3542309916576703, 0.3182336069671943]; [0.0008339836930674826, 0.002848191052048014, 0.0015745162653141183, 0.00015777310094838566, 0.00015777310094838566];
20; 0.20714285714285716; -4.838198474385094; [0.6716855472902727, 0.49069717110562877, 0.4146044713923497, 0.366397014204545, 0.33027003693226054]; [0.0006288805347021232, 0.0021768062925555096, 0.0012035820560330932, 0.00018892676639456905, 0.00018892676639456905];
20; 0.21428571428571427; -5.0236428634589645; [0.677211046804266, 0.5022647081444562, 0.42792554162207297, 0.3797817419800766, 0.3419636253374188]; [0.0006432908583213617, 0.0036284030284170535, 0.002428772647821528, 0.00025144092671145087, 0.00025144092671145087];
20; 0.22142857142857142; -5.20063733937256; [0.7089806053538932, 0.5223107728011095, 0.4402717579305258, 0.3912434161131473, 0.3592757165385762]; [0.00011332342923456594, 0.003664920723445865, 0.0031096483751464755, 0.0010025002469820758, 0.0010025002469820758];
20; 0.22857142857142856; -5.392983170138876; [0.7185659118476154, 0.5358113142003225, 0.4545694686813892, 0.4056406704584496, 0.37315433725357916]; [2.7525168641407278e-5, 0.00307070306812002, 0.002624950594489938, 0.0008476772122894245, 0.0008476772122894245];
20; 0.2357142857142857; -5.587736605875054; [0.7274515826919956, 0.5480938443164142, 0.46706984755775904, 0.4176378660055655, 0.3842274540892784]; [0.000252950057927233, 0.0027403440140791866, 0.002391559339248624, 0.000818831923997741, 0.000818831923997741];
20; 0.24285714285714285; -5.782056625702791; [0.7372090876585667, 0.5561590641216371, 0.4697854870350885, 0.41452296720875514, 0.37635549837187715]; [0.002596005377582803, 0.0036335697600569736, 0.003575802466281744, 0.001573671137693776, 0.001573671137693776];
20; 0.25; -5.959690514680176; [0.7663671419172569, 0.5835726219412264, 0.4989279162845529, 0.4457375590803723, 0.40644845885536135]; [0.0003015262601574115, 0.0005339717635555645, 0.00043702757762138203, 0.00028308042191260686, 0.00028308042191260686];
20; 0.2571428571428571; -6.118707772606283; [0.816708416283556, 0.6123952167255732, 0.5103629932860358, 0.44158900390293737, 0.38747733663996203]; [0.00020827728840668418, 0.0010222469983810917, 0.001021362850982003, 0.0005105843593329253, 0.0005105843593329253];
20; 0.2642857142857143; -6.339058592024612; [0.8261518109371591, 0.6285166695401488, 0.5296346968239006, 0.4628237996604489, 0.40995456781312584]; [0.0001961085382837663, 0.000997112474972337, 0.0010122494519864361, 0.0005129103378843343, 0.0005129103378843343];
20; 0.2714285714285714; -6.561813229367972; [0.8349253441210964, 0.6433612219162175, 0.5473453384587093, 0.48238155865444216, 0.4307522547968313]; [0.00018400988592296924, 0.0009643291670256196, 0.0009949554948151102, 0.0005089730126367647, 0.0005089730126367647];
20; 0.2785714285714286; -6.786797028485308; [0.8430927654556651, 0.6570442743628776, 0.5636229545851552, 0.50036875977827, 0.4499445152478256]; [0.0001724910606278563, 0.0009265534631056281, 0.000972666444239341, 0.0005031909397569682, 0.0005031909397569682];
20; 0.2857142857142857; -7.013850902983442; [0.8507134484183023, 0.6696810027961337, 0.5785988923876348, 0.5169116755202067, 0.4676319341089334]; [0.00016193050498647068, 0.0008876816909720346, 0.0009450550041472529, 0.0004942567964823542, 0.0004942567964823542];
20; 0.29285714285714287; -7.2428304363661375; [0.8578417391635641, 0.6813820958119067, 0.5924043345320393, 0.5321436253695693, 0.48393703272213257]; [0.0001525592671704523, 0.000847833408268805, 0.0009145688779191373, 0.00048348058857342464, 0.00048348058857342464];
20; 0.3; -7.473604582596214; [0.8645265788666269, 0.6922469565811445, 0.6051604161060478, 0.5461927061764235, 0.49898113999931315]; [0.0001444617014765014, 0.0008091744142454771, 0.0008833688585109103, 0.0004716122876550704, 0.0004716122876550704];
20; 0.30714285714285716; -7.706054849092527; [0.8708115949552697, 0.7023678142538953, 0.6169837938053522, 0.5591878052360111, 0.5128945592725036]; [0.00013760807018151024, 0.000772255331943571, 0.0008522564621166327, 0.00046007887590438277, 0.00046007887590438277];
20; 0.3142857142857143; -7.940073324600863; [0.8767358228617831, 0.7118247521320139, 0.6279764793119238, 0.571238117261371, 0.5257859692566443]; [0.00013196784158798556, 0.0007368902355560572, 0.0008218783211497745, 0.0004477338784894048, 0.0004477338784894048];
20; 0.32142857142857145; -8.175562299284838; [0.8823334742638674, 0.7206890802030327, 0.6382314105802014, 0.5824479837540827, 0.5377640288007095]; [0.0001274637282341774, 0.0007042671064318698, 0.0007927121014628098, 0.00043524335740339804, 0.00043524335740339804];
20; 0.32857142857142857; -8.41243291071558; [0.8876349119549882, 0.7290241119484645, 0.6478289101130528, 0.5929112219986167, 0.5489297482289275]; [0.00012398931627408054, 0.0006742699568665923, 0.0007649555300578744, 0.00042280149258984147, 0.00042280149258984147];
20; 0.3357142857142857; -8.65060395997137; [0.8926667982180054, 0.7368839308007268, 0.6568407163910314, 0.6027071326683596, 0.5593651212471329]; [0.00012141269092837351, 0.0006467265822521001, 0.0007396203000936741, 0.000411530489999486, 0.000411530489999486];
20; 0.34285714285714286; -8.89000146418158; [0.8974527724368352, 0.7443169770548305, 0.6653285774382028, 0.6119097481513065, 0.5691515242177434]; [0.00011962743559461605, 0.0006220470104266385, 0.0007164857183256453, 0.0004017345603624625, 0.0004017345603624625];
20; 0.35; -9.130557600920785; [0.9020136661625084, 0.7513644254640706, 0.6733471981130266, 0.6205793116358936, 0.5783542937605951]; [0.00011851088251248848, 0.0005993120642863097, 0.0006948937079896489, 0.0003918432082667058, 0.0003918432082667058];
30; 0.2; -7.086959012472015; [0.6506630843213489, 0.47751583750585713, 0.4051823598327223, 0.36231158518334744, 0.3322688752945863, 0.3086855465196301, 0.2900345434267375, 0.27365759237109477]; [0.0003171676092206439, 0.00141056286361607, 0.0005804460347508426, 0.0005958635012060337, 0.0009788747327162174, 0.00011928173949945528, 0.0004981176166427434, 0.0004981176166427434];
30; 0.20714285714285716; -7.357066602950779; [0.6714818303157661, 0.49410453462292975, 0.42055968224141227, 0.3757370308389257, 0.3444631642157419, 0.32136398156228635, 0.30160891979917204, 0.28153473941514856]; [0.00038950017642649725, 0.002376250134415692, 0.0021612702387942906, 0.0005740061763311108, 0.0017684230640715355, 0.0021363896824659135, 0.0007925269886272464, 0.0007925269886272464];
30; 0.21428571428571427; -7.6351042879866355; [0.6830342748545235, 0.5071988368142074, 0.43339531998365677, 0.3883966046023477, 0.3568114645705435, 0.33320744876679165, 0.31291628302478036, 0.29263900134599874]; [0.00032906240129134773, 0.0020570085830648233, 0.0017635835875830013, 0.0004748791267702821, 0.0017792666917266129, 0.0019368875648290843, 0.0007126108202068864, 0.0007126108202068864];
30; 0.22142857142857142; -7.919462819892216; [0.6908113781798756, 0.5186545962589928, 0.4450617893129544, 0.3998466629676919, 0.3679419209586337, 0.3439309563769575, 0.3233036994592283, 0.3026921143830981]; [0.00027768682756352793, 0.0020519226294461674, 0.00195122981581941, 0.0005465691059510035, 0.0014917750249415524, 0.0018291929195238816, 0.000702688159574162, 0.000702688159574162];
30; 0.22857142857142856; -8.204140998612239; [0.7049388639918029, 0.5324349053419117, 0.4582502689968258, 0.4132268396930134, 0.3812009744474034, 0.35634089291835414, 0.3349517266215242, 0.31475178962536976]; [0.00018294695271538693, 0.0011281571417859869, 0.0009623281411363736, 0.0010399426889941056, 0.0015019344674259167, 0.001245352094078392, 0.0004137659805651775, 0.0004137659805651775];
30; 0.2357142857142857; -8.497592222201707; [0.725216407357671, 0.5494598722563848, 0.4736197896357855, 0.428327014062068, 0.39565032060440386, 0.3689383483921065, 0.3456039702335887, 0.3251670130484894]; [0.00015794966625345115, 0.0023228173215803136, 0.0033898334180362728, 0.0029445509922575424, 0.0016011308754759971, 0.000374988181717739, 8.885701366933068e-5, 8.885701366933068e-5];
30; 0.24285714285714285; -8.798296661360098; [0.7354821889582657, 0.5622211349526336, 0.48642896976688504, 0.4409166495266812, 0.408002893079145, 0.3810909983513329, 0.357628924824793, 0.3371146573883032]; [0.000151609788819708, 0.0021615964572220137, 0.0031955151573578866, 0.0027594344622284537, 0.0014466272458050701, 0.00029259490802195463, 0.00010255993957329131, 0.00010255993957329131];
30; 0.25; -9.102838342492248; [0.7432696031604923, 0.5734236693299584, 0.49812900127817844, 0.45264063193518544, 0.4197026888755667, 0.3928177169861383, 0.3693902215112667, 0.3487702631861014]; [0.00013764831413237295, 0.0019239400458286107, 0.0028674465957868535, 0.0025275489956112424, 0.0013987929810705933, 0.0003574286158891139, 5.0988530381994976e-5, 5.0988530381994976e-5];
30; 0.2571428571428571; -9.408862563630992; [0.7715020288777693, 0.597165431931266, 0.5179013888833223, 0.4691365080120114, 0.43428911777751406, 0.4075347995422204, 0.3861919951544492, 0.3685092181119433]; [0.00032970851383565746, 0.001345179444684265, 0.002070983970115935, 0.0019497475271991734, 0.0013227450912458615, 0.0005989194804658299, 0.00011022686359537006, 0.00011022686359537006];
30; 0.2642857142857143; -9.727486600007746; [0.7798293594342309, 0.6082111822601458, 0.5287286916957296, 0.4790395406225494, 0.4429199805287293, 0.41471227030164987, 0.3916903398874445, 0.37218312137369425]; [0.0006110839519415771, 0.0011450326559860207, 0.001943595153538215, 0.0019412284941190394, 0.0012854019595832226, 0.0006016012107551175, 0.00020246644638736327, 0.00020246644638736327];
30; 0.2714285714285714; -10.048474774479127; [0.7878291236088938, 0.618977133960565, 0.5396671802761009, 0.489532837095402, 0.4526830525963588, 0.42357235785515107, 0.399733034180205, 0.37971799817783985]; [0.000668384855161009, 0.0009661623082341029, 0.0018015533574914637, 0.0018869819898384387, 0.0013829476034230468, 0.0007456133797921915, 0.0001893172881167671, 0.0001893172881167671];
30; 0.2785714285714286; -10.337464537482163; [0.8414301838076593, 0.6602682465093657, 0.5722220983537384, 0.5151745239232398, 0.4723140592190292, 0.4372086444178292, 0.4066772701778711, 0.3787860398521822]; [8.759550288423837e-5, 0.0008007474069168908, 0.0011898030051258886, 0.0012679300287136348, 0.0010971616810674806, 0.000746016806005046, 0.0003073433749600129, 0.0003073433749600129];
30; 0.2857142857142857; -10.684695194383256; [0.8486899240927361, 0.6723587754713463, 0.5865182444018157, 0.5309604384091279, 0.48922729485095806, 0.4550299855983607, 0.42524254924521276, 0.3979331093269437]; [7.851213991274111e-5, 0.0007556322879743587, 0.001138043566156035, 0.0012276729348366343, 0.0010717612055779545, 0.0007386481883972558, 0.00030757805315643626, 0.00030757805315643626];
30; 0.29285714285714287; -11.034773237212638; [0.8554164030271223, 0.6834713707950867, 0.5995816665864836, 0.545339680053504, 0.5046193339963104, 0.47124635522424185, 0.4421468010160094, 0.41541042065526057]; [7.110413855273561e-5, 0.0007085786575198717, 0.0010821277520274713, 0.0011797668063528027, 0.0010390755098964408, 0.0007223423218775513, 0.0003031141611452059, 0.0003031141611452059];
30; 0.3; -11.387473548756859; [0.8616999827002391, 0.6937442325275138, 0.6115746718106652, 0.5584873073552674, 0.5186637464755088, 0.4860251169853244, 0.4575471445047648, 0.43135106272571866]; [6.521254815280468e-5, 0.0006642576618090844, 0.0010261814191725956, 0.001132465215625458, 0.001006853508016711, 0.0007030904112140746, 0.000297518399093239, 0.000297518399093239];
30; 0.30714285714285716; -11.742616084594466; [0.8675875564690835, 0.7032794163388325, 0.6226341594311513, 0.5705596978827902, 0.5315227752593564, 0.49953945901643426, 0.4716278649053261, 0.4459309073246729]; [6.076881240618884e-5, 0.0006230370000643556, 0.0009740300082860787, 0.001084452189582425, 0.0009713327250590045, 0.0006825486815309154, 0.0002912541446009584, 0.0002912541446009584];
30; 0.3142857142857143; -12.10003932373267; [0.8731198790707927, 0.7121653187051111, 0.6328787921271837, 0.581696631849821, 0.5433526975899593, 0.5119496366980758, 0.48454461900505685, 0.4593030304066162]; [5.756061079592147e-5, 0.0005854640538037023, 0.0009245876928505871, 0.0010386808295102883, 0.0009373601425958977, 0.0006626065802596314, 0.000283444023433379, 0.000283444023433379];
30; 0.32142857142857145; -12.459597390392414; [0.8783323918097392, 0.7204779289380862, 0.6424100896699999, 0.5920178292982309, 0.5542851965678093, 0.523397625147628, 0.4964490555411885, 0.47162304773649644]; [5.5494853089753435e-5, 0.0005517278651085924, 0.000880094783711547, 0.0009963385808543718, 0.0009038282933658614, 0.0006422277502699106, 0.0002753702457115035, 0.0002753702457115035];
30; 0.32857142857142857; -12.82115828127472; [0.8832557926376968, 0.728282108105083, 0.6513130545483674, 0.6016247443077103, 0.564437832747662, 0.5340064858391228, 0.5074609797382481, 0.48300643708795704]; [5.4306149439588936e-5, 0.0005219582747467203, 0.0008381812926871558, 0.000958615024314156, 0.0008772587533293358, 0.0006261169206038954, 0.0002703385342828554, 0.0002703385342828554];
30; 0.3357142857142857; -13.184602338770617; [0.8879170035677403, 0.735633107277117, 0.6596626923108411, 0.610605174608851, 0.5739014306420147, 0.5438761626572263, 0.5176916384197843, 0.4935718316970696]; [5.387182794857688e-5, 0.0004954660146972682, 0.0008016975840112768, 0.000921982095663271, 0.0008475555729155361, 0.0006079373954712394, 0.0002628832887419105, 0.0002628832887419105];
30; 0.34285714285714286; -13.549820714905081; [0.8923395074567749, 0.7425786506860738, 0.6675222689775514, 0.6190329494040466, 0.5827631832841715, 0.5531015961184537, 0.5272400452854767, 0.5034224223674086]; [5.402368624749524e-5, 0.0004723429920165062, 0.0007684044571362889, 0.0008899951358090732, 0.0008232033120236299, 0.0005929397328543106, 0.00025799886974145405, 0.00025799886974145405];
30; 0.35; -13.916714226086762; [0.8965438956453942, 0.7491593353605619, 0.674945193913334, 0.6269705952080199, 0.5910893747358763, 0.561753965643659, 0.5361845840688536, 0.5126411371307285]; [5.4633208294861045e-5, 0.0004519347216546074, 0.0007392508382273045, 0.0008608956108610647, 0.0007997341114379519, 0.0005780237092826765, 0.00025249465407393095, 0.00025249465407393095];
40; 0.2; -9.510332167387798; [0.6545503563785936, 0.4788086057938511, 0.4069713617866199, 0.36467419652709193, 0.33511388142474097, 0.312737248579173, 0.29490013298761714, 0.2791346571246926, 0.26466309011569944, 0.2528223321373317]; [0.00031507793762104095, 0.001809037106073723, 0.0016028136402114366, 0.0004953007701075646, 0.0014200268890315977, 0.001686801800698082, 0.0006175243391833255, 0.0005764069228077315, 0.00043415510785472025, 0.00043415510785472025];
40; 0.20714285714285716; -9.875042000210449; [0.6655113970347661, 0.4915467186492278, 0.4193741103925468, 0.37666330459489067, 0.3467867890287336, 0.32405636464945814, 0.3057489415693077, 0.28970847859640986, 0.2752005390083671, 0.26301036214147716]; [0.00019548327722213106, 0.0011853920598304494, 0.0010788816002039678, 0.0004872540851690405, 0.0010489059887153172, 0.0011453479867101447, 0.0003553305339362187, 0.00045522514222990387, 0.00031411714626986925, 0.00031411714626986925];
40; 0.21428571428571427; -10.246526382005555; [0.677865983978981, 0.504955894279158, 0.43233913100627075, 0.38925555586297383, 0.35922760805597903, 0.33628943758621355, 0.3175951556061732, 0.3014861340422673, 0.28740759891372525, 0.2753945066118131]; [0.00010083660194861021, 0.00054938969846824, 0.0005923995163891682, 0.0005613398170135276, 0.0005892771313931372, 0.00036657306225318625, 0.00011631424276923032, 0.00037000526200306553, 0.00013774964458084342, 0.00013774964458084342];
40; 0.22142857142857142; -10.628184077829124; [0.6947651236964946, 0.5207881159006886, 0.446959479548508, 0.4030677947773614, 0.37271136672664124, 0.34937387671634557, 0.32994425724622595, 0.3135971070669431, 0.3001637758141134, 0.2884181703559246]; [0.00013267751230394578, 0.0014674532964429304, 0.0015243734471931266, 0.0008298255588697719, 0.0001952726737559564, 0.0010720879472220207, 0.0010674425553878725, 0.000327685240742656, 0.00013282770183292144, 0.00013282770183292144];
40; 0.22857142857142856; -11.016018328086787; [0.7037034896162438, 0.5326154972529554, 0.45903008534536516, 0.41507554683563436, 0.3845142935812779, 0.3609665762303152, 0.34140384806974916, 0.3248930748240014, 0.3111499466175058, 0.299018983446172]; [9.412273894134381e-5, 0.0012148333135394078, 0.0012802108171312899, 0.0007188520223679486, 0.00013691073749903956, 0.0008658307926489261, 0.000871621463415651, 0.0002505208992727486, 0.00011995384505079054, 0.00011995384505079054];
40; 0.2357142857142857; -11.408284763841502; [0.7231725525860666, 0.5499057589581609, 0.47521952069386614, 0.4303973146712906, 0.3987348278059193, 0.37454908470764275, 0.35520809402387915, 0.33897414330614783, 0.3243707791590955, 0.3102173043174493]; [1.7729321395902184e-5, 0.0007718884515612081, 0.001073416658164036, 0.0009242562337069826, 0.00038342094185162256, 0.00042390480228588607, 0.0008202904287927305, 0.0007417270384563962, 0.0003062429743087914, 0.0003062429743087914];
40; 0.24285714285714285; -11.813303432800181; [0.7343091003656244, 0.5630879572338762, 0.4884538893956481, 0.4434467189293443, 0.41149220336773984, 0.38704839395110524, 0.3675799722856179, 0.35123302481572943, 0.3363364584692001, 0.32171553967333893]; [1.61908744007564e-5, 0.001007961926786773, 0.001378255021728867, 0.001152001702620196, 0.000401623098800839, 0.0006328713563372578, 0.0010959249576964927, 0.0008905370205686648, 0.00033173742079656586, 0.00033173742079656586];
40; 0.25; -12.222187694092227; [0.7433870249790607, 0.5748012690513231, 0.5003637503683829, 0.455368304790098, 0.4234196729871859, 0.3988610080063638, 0.37909110516139133, 0.3623466886232673, 0.34714937327600465, 0.3324563432507152]; [1.5057911863407628e-5, 0.0007244976925341839, 0.0009248223925598569, 0.0007050543761985952, 0.00025135823879987796, 0.000649961839144608, 0.0009445343565841768, 0.0007425872940300512, 0.0002678101255544765, 0.0002678101255544765];
40; 0.2571428571428571; -12.63944029542729; [0.7648185641178336, 0.5935774803856793, 0.5171943233809861, 0.4714578144876167, 0.43931202157301336, 0.41427073190563973, 0.393279406751851, 0.3747848000313911, 0.35805522819376856, 0.34284457394456425]; [8.029880185248892e-5, 0.0011687941811298838, 0.0020448341176889017, 0.0023273898487231543, 0.0020308840734080376, 0.0013791721102774225, 0.0006842654599020244, 0.00019673700060603638, 5.5370826652274605e-6, 5.5370826652274605e-6];
40; 0.2642857142857143; -13.061142418310414; [0.7809283573610016, 0.610096661502242, 0.532615875321944, 0.485653730445919, 0.4524333952545368, 0.4266791725027768, 0.40548467336964816, 0.38733483849942874, 0.3713914648730691, 0.35716935767912517]; [0.00018718742504534124, 0.00022704259691646764, 0.0003345947794048835, 0.0003659122556857483, 0.00029953073747611864, 0.00017153339138278433, 7.135211092409218e-5, 5.941420184191578e-5, 4.759701235614369e-5, 4.759701235614369e-5];
40; 0.2714285714285714; -13.495863421720536; [0.7961668180686365, 0.626348263050636, 0.5482465266198306, 0.5004174402274294, 0.4663949609815274, 0.44007270601463166, 0.4186808820953854, 0.4007547234879711, 0.3853808171861639, 0.37186736720628827]; [0.00027918577116728134, 0.0005045942239813175, 0.000972412514612375, 0.0011266146066684875, 0.0010225381638916985, 0.0007627642332566897, 0.00045386270590798774, 0.00018978494446741405, 3.314712765404859e-5, 3.314712765404859e-5];
40; 0.2785714285714286; -13.939225984711513; [0.8036199078532668, 0.6371868714268815, 0.5599537075829927, 0.5124428459850698, 0.4785151614724974, 0.452200738124581, 0.4307697933483938, 0.4127306123495461, 0.39715261169457344, 0.383339880450658]; [0.00026774063392685733, 0.000412471699673028, 0.0008067529479224858, 0.0009395507439016709, 0.0008511979261468385, 0.0006151309593620619, 0.0003552232611592098, 0.00014943527457956583, 2.8768936987891877e-5, 2.8768936987891877e-5];
40; 0.2857142857142857; -14.355929193462229; [0.8476677585663875, 0.6735028068155471, 0.5899794141623114, 0.5369434683670443, 0.49798483144985733, 0.4668500814132114, 0.44057173024065044, 0.41749262328072784, 0.39655074702830245, 0.37697853879735743]; [2.5704695797385122e-5, 0.0004410453512214454, 0.0007363573340307681, 0.0008911123439540027, 0.0009141309168913517, 0.0008208021146919196, 0.0006395857286202747, 0.00040510005513601693, 0.00015694974464805142, 0.00015694974464805142];
40; 0.29285714285714287; -14.827104562564589; [0.854184068265151, 0.6842933623083817, 0.6026208190730136, 0.5508212919393809, 0.5128149980157941, 0.48246256393780584, 0.4568491133226215, 0.43434623758641067, 0.4139090146947649, 0.3947781999480442]; [2.1696610897985122e-5, 0.00040716536892753216, 0.0006902602709414848, 0.0008441511372275461, 0.0008734683919278775, 0.0007902688981719578, 0.0006199615491884317, 0.00039539289894582034, 0.00015392811329008194, 0.00015392811329008194];
40; 0.3; -15.301719885655018; [0.8602590183156672, 0.694246817933032, 0.6141900748196893, 0.5634536848737637, 0.5262644103015606, 0.496586763106281, 0.47155266945089885, 0.4495589051829465, 0.4295754285416402, 0.4108519026334002]; [1.8810443673241498e-5, 0.0003757715608993854, 0.0006458396952545783, 0.0007976106556926553, 0.0008323342550937969, 0.0007585418571986522, 0.00059875354091703, 0.0003837994466030942, 0.00015039842527985993, 0.00015039842527985993];
40; 0.30714285714285716; -15.779534840071099; [0.8659413694484518, 0.7034720836457182, 0.6248364076697676, 0.5750187992954472, 0.5385317051271762, 0.509434797600428, 0.4849023198757961, 0.4633537675010178, 0.443772601973714, 0.4254161193460674]; [1.7017008611098857e-5, 0.0003473683690588729, 0.0006045635403543279, 0.0007533365506574872, 0.0007923274370571023, 0.0007269984938497446, 0.0005772517585372354, 0.00037210343876857305, 0.0001469389354611947, 0.0001469389354611947];
40; 0.3142857142857143; -16.260334749570312; [0.871272482236701, 0.712060496852549, 0.6346842766420758, 0.5856659004926289, 0.5497852915494863, 0.5211898141636658, 0.4970922842395696, 0.4759329094163565, 0.4567073381931812, 0.438680737961365]; [1.602332840514173e-5, 0.0003222105665989841, 0.000567200367859484, 0.0007128569769381954, 0.0007551726858489663, 0.0006971300890109125, 0.0005565394272013511, 0.00036037987339277073, 0.00014277487631855033, 0.00014277487631855033];
40; 0.32142857142857145; -16.743926628516572; [0.8762882081742314, 0.7200898086571508, 0.6438400547638723, 0.5955228514104796, 0.5601696111195346, 0.532008957703129, 0.508289138908677, 0.4874692144501349, 0.4685563085839979, 0.45082262756265784]; [1.577601553608579e-5, 0.0003003525556097854, 0.0005339725855224963, 0.0006763539477702663, 0.0007212269819456862, 0.0006695705255987502, 0.0005371164697865857, 0.00034937155840858577, 0.00013885122584834778, 0.00013885122584834778];
40; 0.32857142857142857; -17.230136397411044; [0.8810192788942485, 0.7276249256702906, 0.6523909530036828, 0.604693926171689, 0.5698022191488771, 0.5420204103114507, 0.5186295285821164, 0.49810611905133745, 0.4794678291191328, 0.46199353488656536]; [1.602438726533734e-5, 0.0002812488802987597, 0.0005044018479009684, 0.0006434326067401105, 0.0006903160400103344, 0.0006441571984370386, 0.0005190999054543521, 0.0003390522707166169, 0.00013526550252980718, 0.00013526550252980718];
40; 0.3357142857142857; -17.718806657248123; [0.8854925415877345, 0.7347209541801171, 0.6604105665596635, 0.6132668765323602, 0.5787825592111088, 0.5513333639711446, 0.5282307777492609, 0.5079674593173749, 0.4895710302254866, 0.4723271677319089]; [1.6698722160295005e-5, 0.0002648019357751267, 0.00047860040225319563, 0.0006145436191408808, 0.0006630122366248716, 0.0006214544810905321, 0.0005026081456869828, 0.0003293404302236527, 0.0001316577640777197, 0.0001316577640777197];
40; 0.34285714285714286; -18.255611106924313; [0.9346454768004611, 0.782059671072982, 0.7073526117560759, 0.660149700808851, 0.6257738954132186, 0.598585111288289, 0.5759015132651512, 0.5562060229081791, 0.5384772945021535, 0.5219018249555885]; [0.00011966117248461825, 0.00012384563607841276, 0.00010660568267700794, 0.00014172269879439748, 0.00024260889964170557, 0.0003295827570838554, 0.00035393963812558406, 0.00028823736915468414, 0.00013542240498732732, 0.00013542240498732732];
40; 0.35; -18.772629681905222; [0.938696868795304, 0.7882866311411828, 0.7141975342487757, 0.6672999827725264, 0.6331195246544977, 0.6060583780285866, 0.583450059378567, 0.5637898043699069, 0.5460726311935572, 0.5295034785983177]; [9.567640173245684e-5, 9.487135858133717e-5, 0.00011270193236619412, 0.00018851094037215585, 0.000290928349446944, 0.0003656019718054415, 0.0003725062014413746, 0.000293273667088351, 0.0001344695503502716, 0.0001344695503502716];
50; 0.2; -11.93230173791546; [0.650650342262664, 0.47800447378192734, 0.40688498965656983, 0.36498890589545896, 0.33639426310266635, 0.3146947574073256, 0.29714794757819213, 0.28262908406284143, 0.2699859215779327, 0.2585340006185926, 0.24844202279842645, 0.23913830345197662, 0.2292996341516176]; [0.00020506588832711346, 0.0008878803893182841, 0.0005382543865464337, 0.000382072583538785, 0.0007016016504177185, 0.0004334133018349802, 0.00041790955611132957, 0.0006832253516566588, 0.0004155190651837247, 0.0003774963616744931, 0.0007553747493071833, 0.00032890711468333095, 0.00032890711468333095];
50; 0.20714285714285716; -12.390885111188748; [0.6686339470354815, 0.493172208641729, 0.42103092286046084, 0.37841630566500095, 0.34896027614434705, 0.3269181357624124, 0.3092687048518146, 0.29425185301959034, 0.2812757705329076, 0.27009407513461453, 0.25980065240741823, 0.24948967273289688, 0.23965417408463527]; [0.00019544229881934176, 0.0013352599951490466, 0.0011669024695747728, 0.0004525222802800993, 0.0010296032098134258, 0.0013345852823482428, 0.0008248753993477615, 0.0006960101510187762, 0.0012968049683099983, 0.0012048318069492897, 0.00039811965747170214, 9.287878005194108e-5, 9.287878005194108e-5];
50; 0.21428571428571427; -12.86069230354184; [0.6778609436113108, 0.5052578797236265, 0.43318305027703596, 0.39042702330214835, 0.36075155260823377, 0.3384298233592079, 0.32051746560412325, 0.3052966906560393, 0.2921192322403644, 0.2806833481043579, 0.27014701924055406, 0.2596667486493998, 0.24963605457946758]; [0.00015439382272377028, 0.0011408265119864508, 0.0010118682501720597, 0.00042522614310533136, 0.0009146256875625867, 0.0011808470390263744, 0.0007519441360095484, 0.0006412640588551463, 0.001150163728093061, 0.0010727833898529797, 0.00036737838346864846, 8.171695131430705e-5, 8.171695131430705e-5];
50; 0.22142857142857142; -13.336166621822601; [0.6951738976372437, 0.5208214241185879, 0.44739825965827396, 0.4040338417636999, 0.3739372057615362, 0.3510397901897148, 0.33260106593023153, 0.317245229310557, 0.3040082783946472, 0.2920482204290454, 0.28091492772921595, 0.27076012464329474, 0.2618715415530185]; [6.834115250483874e-5, 0.000765181906943807, 0.0010253659824405786, 0.0008094994174988326, 0.000505168567920226, 0.000774445277132629, 0.001042088895795653, 0.0009327181856533201, 0.0004173512432645109, 0.00014917511173181145, 0.00032755399915260425, 0.00012769816086551967, 0.00012769816086551967];
50; 0.22857142857142856; -13.825626388352442; [0.7058543094519196, 0.5336442843234969, 0.46016507261333056, 0.4166243576779411, 0.3863297062839466, 0.3631813768387763, 0.34449306805656, 0.32895356367196854, 0.3155511261869161, 0.30336325984765156, 0.29200364640894083, 0.2817608129684033, 0.2728775467357312]; [7.024345700274522e-5, 0.0009116779559687752, 0.0011824301234416533, 0.0008789119366144521, 0.00047706973413756416, 0.0008760490388796347, 0.0011570970798838584, 0.0009560637388166184, 0.00029422329783218977, 0.00032919187627789026, 0.0004179577465136659, 0.00012728257958894725, 0.00012728257958894725];
50; 0.2357142857142857; -14.319908205751393; [0.7194629705997266, 0.5479515263166888, 0.47393381131553736, 0.4298544803886612, 0.3991233776090943, 0.3757400734787956, 0.35687987497874485, 0.3410141604490526, 0.3272043056828792, 0.3148646026459226, 0.30373074156285085, 0.293705402608893, 0.2845029485968698]; [3.4587240348054114e-5, 0.00034382561318014644, 0.00043191423553367995, 0.0004803853746892707, 0.0004916220887850208, 0.0004412843623467854, 0.00030752435740931085, 9.250422402113862e-5, 0.00013447384895363206, 0.00020087562236519442, 8.858283335010946e-5, 2.7989461790088064e-5, 2.7989461790088064e-5];
50; 0.24285714285714285; -14.827986874690367; [0.7338736443893361, 0.5629617155412648, 0.48840925184455, 0.44379536833112065, 0.41264099300933677, 0.38902530267805446, 0.3699907099616078, 0.3538148645298227, 0.33962258995153255, 0.32712093739954806, 0.3161668886548178, 0.30634855012257955, 0.296895012173772]; [2.2473750185816306e-5, 0.0007771285862533936, 0.0010932453683713868, 0.0009361708343520658, 0.0005666698086404098, 0.00019494000028944753, 0.00044976450563867504, 0.0006935188734996873, 0.0005407375196703592, 0.0001259720509385528, 0.00019171500744057438, 0.00016558203653073818, 0.00016558203653073818];
50; 0.25; -15.341604001130438; [0.745611618905133, 0.5762677067139124, 0.501612356040107, 0.45684271583056635, 0.4254582343566536, 0.4014863743193863, 0.3821096437616585, 0.3657661664418024, 0.35157043549512235, 0.33902982586747726, 0.327778271639035, 0.3173617742201437, 0.3072187882516907]; [2.706095309545612e-5, 0.0002587152670988969, 0.0003263975324957741, 0.00021131669449585527, 0.00013232447492688996, 0.00021645004986736344, 0.00023307987136268087, 0.00017579748780108368, 0.00016296219734735854, 0.0002905941806389474, 0.0003159611776510197, 0.00015863585801374614, 0.00015863585801374614];
50; 0.2571428571428571; -15.868473127812683; [0.7616352419281657, 0.5923271908394083, 0.5170648834321576, 0.47190238258402306, 0.4400940561574782, 0.4155892759489828, 0.39574211476240273, 0.379191565866954, 0.3650383060021159, 0.3525171613014612, 0.3409300716341173, 0.3297189362674766, 0.3185763076952441]; [5.1293233111296716e-5, 0.0006432817676052414, 0.0009673297825907028, 0.0009840895315185194, 0.000744590129533793, 0.00035418747880991885, 0.0005074457902640514, 0.0009350960686321743, 0.0010959812651348598, 0.0009228262028724035, 0.0005425898096803977, 0.00016686226514199683, 0.00016686226514199683];
50; 0.2642857142857143; -16.40129390632621; [0.7732803563128171, 0.6056439073786274, 0.5301731266910663, 0.4847302167736909, 0.4527797214358712, 0.428227613509512, 0.40829449652086197, 0.3915026673506407, 0.3769249754776822, 0.3638737079346012, 0.3518094925830716, 0.34033352083873963, 0.3292218470249545]; [2.687909121626725e-5, 0.000411658902846155, 0.0006120419514682871, 0.0006466727257890927, 0.000647900927808639, 0.0007284200140366794, 0.000860473587492431, 0.00092933925641089, 0.0008487021218231796, 0.0006254224708348806, 0.0003403135706313775, 9.75917968442075e-5, 9.75917968442075e-5];
50; 0.2714285714285714; -16.94755103863654; [0.7893959736894568, 0.621950373082963, 0.5456339920185177, 0.49956973172590535, 0.4673067530524455, 0.44259591089624944, 0.4224635215508765, 0.40527965013078066, 0.39006851282199556, 0.37624183283748863, 0.36346276950222933, 0.351558635582409, 0.3404562339069258]; [9.311082403754804e-5, 0.0006708320868491263, 0.001345537704023885, 0.0018031390268962865, 0.0019598212244414056, 0.001823672752026603, 0.0014652847800666667, 0.0009990402867068586, 0.0005574553392839953, 0.00023064294595132888, 5.1342551610160175e-5, 6.717249222745835e-6, 6.717249222745835e-6];
50; 0.2785714285714286; -17.49893591273451; [0.8100187652418134, 0.6421263241615387, 0.5645004916145775, 0.5170456440099344, 0.48343716722018365, 0.45753794622849076, 0.43649684020292223, 0.41880091530657054, 0.40356264736709246, 0.39020841285971225, 0.37832730594316255, 0.36758703705174617, 0.35768606515348694]; [0.0002564448688379522, 0.00031638108069823815, 0.0007370615562334671, 0.0009834909008801461, 0.0010605002676815254, 0.000987986915785409, 0.0008126416032267774, 0.0005848488272205311, 0.00035471418434867945, 0.00016352886451331813, 4.067714128151914e-5, 6.473216462768782e-6, 6.473216462768782e-6];
50; 0.2857142857142857; -18.065896600768895; [0.8163698219951102, 0.6520128461923257, 0.5754041286322058, 0.5283822656340033, 0.4949633814194475, 0.46912383812005626, 0.4480681461468205, 0.43030865794311596, 0.4149594659551038, 0.4014415256782961, 0.3893376891709359, 0.37831368935873516, 0.36807520534150345]; [0.0002355604693257436, 0.00023424494148838087, 0.000580286328810348, 0.000783886626716139, 0.0008461124059922624, 0.0007904509305576906, 0.0006492393129542207, 0.00046457349890348935, 0.0002757313278320011, 0.00011962273640333289, 2.3183447351703544e-5, 1.2164118863942146e-5, 1.2164118863942146e-5];
50; 0.29285714285714287; -18.62897849433251; [0.8447115172064634, 0.6784644925280905, 0.5999451556146762, 0.5513013473163473, 0.516537102652199, 0.4895385132888999, 0.46741339320261865, 0.4485750875281899, 0.43204231310944885, 0.41714135972233674, 0.40338508277400537, 0.39038785565948625, 0.3778003101517969]; [5.4254372912979263e-5, 0.00030898606661846815, 0.0005756877400293944, 0.0007840404990677314, 0.000925812981065226, 0.000985596576328933, 0.0009667244728845352, 0.0008796661533114438, 0.000731908039002289, 0.0005501014730497949, 0.0003502884349418575, 0.00016782853952112834, 0.00016782853952112834];
50; 0.3; -19.216130940291205; [0.859378497640831, 0.694293167383255, 0.6152599085437316, 0.5656516771233525, 0.5297329772732401, 0.5014638972002267, 0.4779884138460127, 0.45775129749351107, 0.43980184707007886, 0.4235007052221241, 0.40838272644635704, 0.39408436403223684, 0.3802968965252484]; [4.760429966549893e-6, 0.00030566796017234883, 0.0005709017926672028, 0.0007630651536179447, 0.0008860723514524057, 0.0009322802006392457, 0.0009024837073184506, 0.0008078394549846487, 0.0006631837706483119, 0.00048509420829757384, 0.00029321546589869635, 0.00010965211068987235, 0.00010965211068987235];
50; 0.30714285714285716; -19.816610226142128; [0.8649361717226707, 0.7033384010657654, 0.6256651012654808, 0.5769160554621647, 0.5416444447040749, 0.5139049214229157, 0.49088254013968613, 0.47104487991372607, 0.4534556002043089, 0.4374845251373864, 0.42267184363102633, 0.4086576233444868, 0.3951363234250549]; [3.861104782283727e-6, 0.0002794173335269533, 0.000529002493610243, 0.0007140544711320419, 0.000835864328774221, 0.0008845841468757315, 0.0008606020899909232, 0.0007742559938811007, 0.000638874071155262, 0.00046935304460942216, 0.00028456169398417364, 0.00010672594895297834, 0.00010672594895297834];
50; 0.3142857142857143; -20.420775102639666; [0.870145306251132, 0.7117556516051979, 0.6352861392911572, 0.5872798399717502, 0.5525591007845123, 0.525269385111262, 0.5026332230094009, 0.48313744680591386, 0.4658568249136136, 0.45016901271630766, 0.43562070031795563, 0.4218560556766153, 0.40857098996924257]; [3.6834415280022883e-6, 0.0002567481636055091, 0.0004924003490642962, 0.0006700327868638658, 0.0007883579647743905, 0.000839901304047788, 0.0008234877447246688, 0.0007452999805120245, 0.000617438300989016, 0.0004553414142374126, 0.00027720133853336343, 0.00010434454294833835, 0.00010434454294833835];
50; 0.32142857142857145; -21.028385979366156; [0.8750418145238439, 0.7196227981719057, 0.6442288692002931, 0.5968717199394938, 0.5626268134332676, 0.5357219600261007, 0.5134146422798408, 0.49421035447642864, 0.47719440876618546, 0.46175116878178013, 0.4474326281661952, 0.43388586305481486, 0.42081123843349977]; [4.109427458346705e-6, 0.00023729372458718262, 0.00046003496870486535, 0.0006306009137978854, 0.0007458333413320154, 0.0007988897358988231, 0.0007882936833169028, 0.0007174633568177851, 0.0005966457716939106, 0.00044136099459600876, 0.0002689696159807144, 0.00010110140119723562, 0.00010110140119723562];
50; 0.32857142857142857; -21.639228116422956; [0.8796574182487855, 0.7270060547562317, 0.6525836632412843, 0.6058009446423993, 0.5719695833150569, 0.5453969183558546, 0.5233742569229466, 0.5044216575150033, 0.48763368453135214, 0.4724018978394593, 0.4582824303108066, 0.44492694200402694, 0.4320374178830014]; [5.050132916443562e-6, 0.00022100908117819927, 0.00043248702277615353, 0.0005969608329055731, 0.0007093322576957727, 0.0007648588565889425, 0.000757717399388399, 0.0006913711948866787, 0.0005770203526297891, 0.0004280038754908602, 0.00026192715761285995, 9.888194388535908e-5, 9.888194388535908e-5];
50; 0.3357142857142857; -22.285386738383405; [0.9120214373732725, 0.7592956139834908, 0.6851325368490107, 0.63872024166184, 0.6052825175278129, 0.5791208728530055, 0.5575346764940281, 0.5390426471148746, 0.5227270693284891, 0.5079537870345899, 0.4942534528293675, 0.48123380991245157, 0.4685411097992135]; [0.00014967159682187386, 0.0002624137129035672, 0.00040244815721796377, 0.0005322658813836535, 0.0006418167425101217, 0.0007132724295013317, 0.0007422308956219129, 0.0007211293422507965, 0.0006431936415127404, 0.0005170973625250243, 0.00035684227953254247, 0.00016614343179669405, 0.00016614343179669405];
50; 0.34285714285714286; -22.930030340661478; [0.9284986531034641, 0.7768238268490566, 0.7028362606930535, 0.6564233183479008, 0.6229379926909901, 0.5967448433612528, 0.5751457605846721, 0.556653412054247, 0.5403583609098918, 0.5256530603551639, 0.5120939981223878, 0.49932303133614525, 0.4870126981883751]; [4.145516542366993e-5, 5.851633405610979e-5, 0.00015207548564744318, 0.00025920948855301845, 0.000354805670050267, 0.00042879960085481127, 0.0004703466668911336, 0.00047244640541432896, 0.00043265177462459997, 0.0003518591752702258, 0.00023598117915776218, 9.703128260936888e-5, 9.703128260936888e-5];
50; 0.35; -23.585971248055554; [0.9452612605602251, 0.794431757648369, 0.7205190899239893, 0.6740668711290962, 0.6405403325501928, 0.6142973685216091, 0.5926183122663561, 0.5739967130450808, 0.5575146600054703, 0.5425747385838753, 0.5287637861400488, 0.5157699625811206, 0.5033209972724583]; [8.062509757945436e-5, 0.00023713298359326725, 0.0004474302367448108, 0.0006289107234352626, 0.0007317308088334301, 0.0007483010732266641, 0.0006871756075250925, 0.0005742985436823367, 0.00044086377402619584, 0.00030909966451126173, 0.00018669391979055116, 7.299670349548031e-5, 7.299670349548031e-5];
60; 0.2; -14.354051388722604; [0.6530657781567487, 0.4789270504764349, 0.40764237225089295, 0.36600144517817984, 0.3375918074636922, 0.3161694234460127, 0.29911141564789684, 0.285005619601321, 0.2728355153976192, 0.262166989705537, 0.2527684978627536, 0.24410238875349247, 0.23589206308704475, 0.2285607671227792, 0.22207949560801915]; [0.00013846167767031102, 0.000749879921514943, 0.0006070635120329803, 0.00022153808060532276, 0.0005255860535771089, 0.0006293949616408606, 0.00039261737651070575, 0.0003676720740778902, 0.0005789301863348667, 0.0004390160308869582, 5.6562996565776026e-5, 0.0004442262445775031, 0.00033519579857996967, 2.289607229269658e-5, 2.289607229269658e-5];
60; 0.20714285714285716; -14.908201958127233; [0.6638475590409084, 0.4915671680647357, 0.42011691204235774, 0.3781896717863295, 0.3494702518886433, 0.32776234200725274, 0.3104515881485882, 0.2961190458332513, 0.28373325540431943, 0.27287368357016445, 0.2632970364234741, 0.25442983412959924, 0.24605145134713458, 0.23861167688350307, 0.23193552121595387]; [0.0001331155429716748, 0.000785206542636953, 0.0006208074128091201, 0.00021773640563263445, 0.0005654135550722807, 0.000639763199227776, 0.00036813357773513716, 0.00040245190924986427, 0.0005888784534838051, 0.000388674843005683, 0.00013042125220743303, 0.0004898851780864537, 0.0002976729801962937, 4.659034235013601e-5, 4.659034235013601e-5];
60; 0.21428571428571427; -15.47167240808072; [0.6804431881455223, 0.5067344113622787, 0.4343459015130886, 0.391592501216358, 0.36225983008760815, 0.34028203780038324, 0.3226173154864886, 0.3078715275835202, 0.2953609039608546, 0.28441120186490426, 0.27444914928404435, 0.2653890059513501, 0.25733407862239777, 0.2498730927806284, 0.24220359582512618]; [8.503368700741249e-5, 0.0006900323193596404, 0.0007029755047881532, 0.00028988530744450733, 0.0003574841707146104, 0.0005551649870266407, 0.0004683211019626813, 0.000271724023420506, 0.00039470087898201635, 0.00045194761276311994, 0.00026922337704667656, 0.00020023481761130386, 0.00043181834265668806, 0.00021533014527948133, 0.00021533014527948133];
60; 0.22142857142857142; -16.047002606724686; [0.6918289638602443, 0.5196365335741991, 0.4470438705210365, 0.40403920471748955, 0.374363425174134, 0.35203956891573984, 0.33412041407525245, 0.3191519398390202, 0.30637079922434907, 0.2951523154130284, 0.28501353291375775, 0.2758145609946948, 0.2674882124207488, 0.2596085381996895, 0.25162603611023365]; [5.1949324225289364e-5, 0.00040682560968125083, 0.0003715992519631567, 0.0001831485684273254, 0.00033907995589739834, 0.0003886147699443273, 0.0002969558262722636, 0.00031875754028267165, 0.0003939998425210442, 0.00030292024308088727, 0.0001719011755263958, 0.0003600603635991944, 0.0004051563752845634, 0.00016102280592553313, 0.00016102280592553313];
60; 0.22857142857142856; -16.634485960571094; [0.7074077321440594, 0.534613972793705, 0.4612644983887343, 0.4178109392959119, 0.38757163265463024, 0.36475496334756413, 0.346616936932518, 0.33150223895279446, 0.3183935053528334, 0.30682000998465925, 0.29659379927405216, 0.28739999294110624, 0.2786908750212966, 0.2700699283585048, 0.2616977505432384]; [5.7407798720969045e-5, 0.000744611688780446, 0.0008446090615774725, 0.000515210623276302, 0.0003693104328441406, 0.000756787103975193, 0.0008755340390659108, 0.0006278248637794411, 0.0004150920521920529, 0.0007127823753797947, 0.0009375089312321582, 0.0007389665181284063, 0.00028868997320866704, 6.2241631921141436e-6, 6.2241631921141436e-6];
60; 0.2357142857142857; -17.232313212436058; [0.7167209635596737, 0.5466008159950702, 0.4733953398728815, 0.4298611771581967, 0.3995150181441247, 0.37653616846951593, 0.35818713839636707, 0.3428730115040977, 0.32961775492956213, 0.31792142790105005, 0.30753110768782926, 0.2981246024837682, 0.2892385393006164, 0.28055902987964093, 0.272205006734523]; [4.117620317760846e-5, 0.0005424241223625007, 0.0006237082127719072, 0.0004060629282608107, 0.0003856545994596995, 0.0006530341181958122, 0.0007245952979708535, 0.0005475459111737848, 0.0004523393559809596, 0.0006576140593265444, 0.0007724753814879416, 0.0005746809145599201, 0.00021357409901274604, 4.360973818127716e-6, 4.360973818127716e-6];
60; 0.24285714285714285; -17.842668768655574; [0.7334978537866345, 0.5626204184105779, 0.4882898894368011, 0.4441388669952728, 0.4134258081261026, 0.3900490829680054, 0.3712008554518378, 0.3554577529342138, 0.3420097628241417, 0.33023650475565564, 0.31957618337600086, 0.30963066173127524, 0.3002951246463443, 0.2917050988535997, 0.28395585219612735]; [2.6024465661785035e-5, 0.0005688984153504821, 0.0008884585953245415, 0.0008861078939327473, 0.0005981859588175116, 0.0004509800139279106, 0.0007215166576833765, 0.0009558899683600352, 0.0009319353400016905, 0.0006053674949608024, 0.00014572846568262847, 0.00017246159858797238, 0.00020477902270280265, 6.84339282951199e-5, 6.84339282951199e-5];
60; 0.25; -18.461988234392116; [0.746745825641076, 0.5769884378506204, 0.5022780672291183, 0.45769552329341484, 0.4265975163367677, 0.40296404552778214, 0.38398739524584835, 0.36812965086273947, 0.35446129808298443, 0.34238006732341936, 0.33148844824413914, 0.3215476279829677, 0.3124343121233999, 0.3040493944571798, 0.296200370110514]; [3.190547839239283e-5, 0.000208276801205106, 0.0003253929017333627, 0.00041084670094472796, 0.00046360630833523785, 0.00045665072025697864, 0.0003910562130006183, 0.00027699716684858087, 0.00013176237149903626, 3.333829874380351e-5, 9.872112889316126e-5, 8.568989012826415e-5, 1.744295032640151e-5, 2.146140989998438e-5, 2.146140989998438e-5];
60; 0.2571428571428571; -19.09408028426642; [0.7631081238282396, 0.5933541629982554, 0.5178555533645298, 0.47265519434277936, 0.4410711881747502, 0.4170020424202888, 0.3976304514716448, 0.381421053848676, 0.3674455300962404, 0.3551264597357149, 0.3441057937954477, 0.3341347604470052, 0.32497878092511484, 0.31635897821800335, 0.3079687376397751]; [3.881320745223274e-5, 0.00016295884029524893, 0.00024560763278666596, 0.00020995856967043398, 0.00011292481339123469, 9.413101045918785e-5, 0.00014675747868788687, 0.0001652793850464355, 0.00013858676371376945, 9.356956102912714e-5, 0.0001459885214690862, 0.00021729145771000108, 0.00019974769760492325, 9.247402251807133e-5, 9.247402251807133e-5];
60; 0.2642857142857143; -19.740029721599385; [0.777433059810246, 0.6086405506824997, 0.5328376672323073, 0.48736891495966833, 0.455520944692618, 0.4311382809479132, 0.41142405181346703, 0.39493663415398994, 0.3808388899234233, 0.3685570560890715, 0.3576250415440366, 0.3476248088143759, 0.3381849477530926, 0.3290121603665915, 0.31993207047709915]; [6.445308618608798e-5, 0.00040994966688832636, 0.0006988642208362865, 0.0008192275546734277, 0.0007810041800735761, 0.0005824861379952387, 0.00028165093768042423, 0.00029778838511881276, 0.0006053966752408551, 0.000791922885055512, 0.0007840033439116081, 0.0006060460832328825, 0.0003450793845132748, 0.00010870414168858394, 0.00010870414168858394];
60; 0.2714285714285714; -20.39593200088429; [0.7841532865206072, 0.6188845160200617, 0.5438883462777151, 0.49867455781617454, 0.46691771398925846, 0.44257319494233444, 0.4228711682971421, 0.4063672588033337, 0.39221563519463104, 0.37984494352493336, 0.36880358116679157, 0.35869640146901716, 0.34917655202902503, 0.339967660291191, 0.33089112821163025]; [5.926783985798721e-5, 0.0003352436604661622, 0.0005748806610441786, 0.0006695608109131539, 0.0006318649918889447, 0.0004642631614126947, 0.00023505645675649876, 0.0003005945143166663, 0.0005564578935807825, 0.0007096848918680741, 0.0006984469022033733, 0.0005416753934664093, 0.0003129447622175325, 0.00010150527591313598, 0.00010150527591313598];
60; 0.2785714285714286; -21.063714987403802; [0.8034532912889912, 0.6375009998480792, 0.5611809444303416, 0.5149484333078699, 0.48256715323996524, 0.45787361240014646, 0.4379379400106029, 0.4211613211013498, 0.40657840076678387, 0.39356624304933907, 0.3817106808907303, 0.3707418996498934, 0.36048465456924267, 0.3508297219889685, 0.34171268851828585]; [7.052158127472585e-5, 0.00038501092279730653, 0.0008199169226900721, 0.0011652004625790106, 0.00136484262759022, 0.0014063427885879325, 0.0013030560603074655, 0.0010885240612034885, 0.0008142592953982351, 0.0005363769631681125, 0.0003032706364890186, 0.0001391479790466235, 4.446608147663644e-5, 1.0411150293290048e-5, 1.0411150293290048e-5];
60; 0.2857142857142857; -21.742846511729702; [0.8208646554708021, 0.655532133005039, 0.5785990802909238, 0.5315446493645662, 0.4982834407076899, 0.47274540085932404, 0.45206916451695595, 0.43470908477460796, 0.41975136899467624, 0.4066173333222649, 0.3949152567961211, 0.3843616072902652, 0.37473549681422424, 0.3658510256824996, 0.3575362108899803]; [0.00020236960962439284, 0.0001510777641957053, 0.00042947130084787304, 0.0006185571801291234, 0.0007167378586452897, 0.0007262505408179058, 0.0006662490292895584, 0.0005587645514181616, 0.0004246771671774556, 0.000285726560210395, 0.00016139411114816365, 6.685052056290368e-5, 1.0820154436468212e-5, 6.49078211866992e-6, 6.49078211866992e-6];
60; 0.29285714285714287; -22.412605543045455; [0.85248709527053, 0.6843387916922559, 0.6045339532578667, 0.5547399247305524, 0.5188951012082536, 0.49091334523623387, 0.4678915940718382, 0.4482394236684197, 0.4309963877952002, 0.4155365827398404, 0.4014214713941539, 0.3883388589416884, 0.37603754950005813, 0.3643164041421359, 0.3529683161921596]; [8.272614457741262e-5, 0.00022061552363587976, 0.00041857609787568167, 0.0005939183454837875, 0.000721527274240291, 0.0007869400095869926, 0.0007978162740504862, 0.0007623673112735905, 0.0006877555801621555, 0.0005812107567839106, 0.0004630715245098869, 0.00033354980817062763, 0.00021068444802085622, 6.659119313084831e-5, 6.659119313084831e-5];
60; 0.3; -23.1306291484576; [0.8587909399147197, 0.6943082338371288, 0.6159356667436682, 0.5670435113996792, 0.5318808557566149, 0.5044485388780731, 0.4818893138816048, 0.4626370681967959, 0.44574505313173585, 0.4305959028740222, 0.4167599988981203, 0.40392051921232885, 0.39183075198245243, 0.38028959776365134, 0.36912369736144346]; [4.145907158282682e-6, 0.00020651252782092296, 0.00040399991766508877, 0.0005666042303209548, 0.0006740331727701743, 0.0007395216174284619, 0.0007618863937748308, 0.0007399023524867331, 0.0006778463384994189, 0.0005826793262943317, 0.00046285034415825805, 0.0003281936184725867, 0.00019222735713362476, 6.855734857733253e-5, 6.855734857733253e-5];
60; 0.30714285714285716; -23.85376868393409; [0.8642644849703135, 0.7032297674598611, 0.6261731375280386, 0.5780980163369074, 0.5435391773367393, 0.5165970145327353, 0.494457140293391, 0.4755740547906625, 0.45901368008570553, 0.44416733873772435, 0.4306113928200232, 0.418033151396429, 0.40618887033823226, 0.39487727974401726, 0.383928916858138]; [4.170456191628831e-6, 0.00018702615866496674, 0.0003704392266150117, 0.0005246573549001089, 0.0006304401827805212, 0.0006966682065227202, 0.0007202840139599579, 0.0007017314849714897, 0.0006453961084145274, 0.0005572715988179747, 0.0004448465234936442, 0.000317356892411385, 0.00018541707247439566, 6.813063161002261e-5, 6.813063161002261e-5];
60; 0.3142857142857143; -24.581292532360163; [0.8693916414704279, 0.7115305466527956, 0.6356375053481705, 0.5882659080112007, 0.5542218466902592, 0.5276923548274582, 0.505901938917725, 0.4873260654199816, 0.4710428306413911, 0.4564509524310221, 0.44313187840305557, 0.43077657527035085, 0.41914354643148977, 0.40803491415860016, 0.3972815293463538]; [3.608053675369344e-6, 0.00017048137309818852, 0.00034162745400073105, 0.0004886047759626215, 0.0005902084727818966, 0.0006559681252415176, 0.0006823463916927577, 0.0006684523520235177, 0.0006174973665455487, 0.000535209613786335, 0.0004287030417763573, 0.0003064412549214147, 0.00017979226407155733, 6.636545829970418e-5, 6.636545829970418e-5];
60; 0.32142857142857145; -25.312914678927648; [0.8742081853550898, 0.719288421409363, 0.6444352954463377, 0.5976775406224296, 0.5640732618406183, 0.5378941858555218, 0.5164000103619517, 0.49808387664854364, 0.4820343270708381, 0.46765683353103554, 0.4545375239673804, 0.44237079834021137, 0.4309179349777786, 0.41998176381550384, 0.4093923916613857]; [2.7345681852008956e-6, 0.0001565262325413057, 0.0003168688675240797, 0.00045643653624627894, 0.0005560738299705021, 0.0006215692408588933, 0.000649309538484143, 0.0006384461005134383, 0.0005916894075608667, 0.0005143127689022816, 0.0004132441946095002, 0.00029673624435748853, 0.00017488084889369533, 6.457975665728051e-5, 6.457975665728051e-5];
60; 0.32857142857142857; -26.066163223124754; [0.893961636198398, 0.7403537427621523, 0.6662143021948189, 0.6200658383319757, 0.5870441200974914, 0.5614091912239086, 0.5404135594589998, 0.5225483364151008, 0.5069066007513059, 0.492887527408145, 0.4800622307060219, 0.46811544089732365, 0.4568046259164146, 0.44593165200186685, 0.435299549948863]; [0.00020325332348477664, 0.0003512234958816441, 0.000527545589534296, 0.0006758379158494838, 0.0007965109073624449, 0.0008657661951418341, 0.0008791572596439225, 0.0008552459263313039, 0.0007878940583286878, 0.000676306898555856, 0.00053627705877933, 0.0003854699894402463, 0.0002407586093937175, 0.00011266136026288164, 0.00011266136026288164];
60; 0.3357142857142857; -26.832967211650104; [0.9127551004285038, 0.760139466637243, 0.6862271793701357, 0.6401463760698363, 0.607118016152837, 0.5814692123148723, 0.5604906185585845, 0.5426984813767194, 0.5271987481594436, 0.5134090901123003, 0.5009219244330912, 0.4894301007061731, 0.47868420834880265, 0.4684695610767992, 0.458584366081021]; [8.579308367023725e-5, 9.874083305313256e-5, 0.00010136623745284475, 9.385486208203843e-5, 9.662763836256915e-5, 0.00013298484992653266, 0.00019264032736646442, 0.0002522928831858088, 0.0002957810612511224, 0.0003125275430819255, 0.0002953546251489454, 0.0002423443415294306, 0.00016071370554339158, 6.436386738198398e-5, 6.436386738198398e-5];
60; 0.34285714285714286; -27.60958994647171; [0.9312667027012309, 0.7794533369055552, 0.7056147375871394, 0.6594922809748924, 0.6264122890114499, 0.6007198271166085, 0.579690558761034, 0.5618189322776537, 0.546191225778548, 0.532214077949652, 0.519480638404698, 0.5077007489983308, 0.49665734137407613, 0.48617552554068605, 0.47609645890414676]; [6.986604193696255e-5, 0.0001850365350138426, 0.0003437224988950083, 0.0004953968738801709, 0.0006069208937627364, 0.0006603584753776966, 0.0006520526356808395, 0.0005920770096659071, 0.0004998737241737127, 0.00039410784188717444, 0.00029063689020807505, 0.00019768031998666395, 0.00011618235125131588, 4.4226695703075674e-5, 4.4226695703075674e-5];
60; 0.35; -28.397558205434017; [0.9495754888677889, 0.7985280187236925, 0.7247556509538416, 0.6785635556905589, 0.6453632012581053, 0.6195190659728531, 0.5983324189528865, 0.580325592597371, 0.564603620601817, 0.5505736174284397, 0.5378096247514171, 0.5259856440865511, 0.5148468052878845, 0.5041939431264449, 0.4938720756333423]; [7.690876043339242e-5, 0.00018488818586521707, 0.0002934334728425775, 0.0003756741217056056, 0.0004356283132881216, 0.0004971866469804515, 0.000558529594161637, 0.0006000960597402462, 0.0006008699693822903, 0.0005489390344835704, 0.0004464689462058253, 0.0003127659029658363, 0.00017474089521757062, 6.23133289668508e-5, 6.23133289668508e-5];
70; 0.2; -16.777293278517053; [0.650924343941883, 0.4781871154718568, 0.4074445856751867, 0.36601631533869083, 0.3378152521372606, 0.3167247141522701, 0.29986439492965805, 0.2859066041313221, 0.274091208825811, 0.2637450389338628, 0.25449913425842646, 0.2462325837124224, 0.23863498761475838, 0.23145399383443138, 0.22483847603059598, 0.2186233449846057, 0.21222538501339128, 0.2058718008265401]; [0.00013784648027186536, 0.0007239762700110942, 0.00048240372023433247, 0.00027047277744517216, 0.0006402217881722545, 0.0005280812645581797, 0.0003648013678945405, 0.0006350368623776728, 0.0005824329307076431, 0.00036914192104976876, 0.0005918327168213109, 0.0006045116174820063, 0.00029939242447061544, 0.0005096046277289883, 0.0006609270995720879, 0.0002865636078812243, 5.363441934707128e-5, 5.363441934707128e-5];
70; 0.20714285714285716; -17.42372590926129; [0.6665802405629258, 0.4926457960373343, 0.42097362234323776, 0.3789801575299491, 0.3502326383352901, 0.32869147883239047, 0.3115901551464029, 0.2974242749487841, 0.28529666129672576, 0.2747563451071654, 0.2654536978570611, 0.25699302808185015, 0.2492042526488324, 0.24210388110190179, 0.2354492817388376, 0.2288861468092586, 0.22261092720652345, 0.21708870756846163]; [9.669701630668074e-5, 0.0006342091743774053, 0.0006197038732125798, 0.0002648510868613422, 0.0004879521979474111, 0.0006769872486219515, 0.000516507494592279, 0.00041095243367631444, 0.0006276596040637084, 0.0006277156368044179, 0.00037059255194730263, 0.00044128797717246, 0.0005960796755572003, 0.0004204516131106424, 3.778770492645416e-5, 0.00028045831858618074, 0.00011655375347013042, 0.00011655375347013042];
70; 0.21428571428571427; -18.083936774858437; [0.6770443986851413, 0.5051587117045899, 0.433380189150522, 0.3911461861236081, 0.3621320239655119, 0.34033527234461713, 0.322989736281081, 0.30860649976091575, 0.2962982851358302, 0.28557904766675263, 0.27608509826345445, 0.26746147908205525, 0.25954191802729515, 0.25228273034183535, 0.24544626911844683, 0.23877821318044914, 0.23246436748132548, 0.22678902461205896]; [6.703358871861942e-5, 0.0004543528395526884, 0.0004530089933435812, 0.0002556388485011539, 0.0004101180482788452, 0.0005433287035089638, 0.0004624586021613782, 0.0004300388288730995, 0.0005562632588493547, 0.0005337031342905126, 0.0003796022901331275, 0.00043490054546072514, 0.000490455418760241, 0.0002927621859786005, 7.368675767011003e-5, 0.00021877143621805786, 7.2665717739574e-5, 7.2665717739574e-5];
70; 0.22142857142857142; -18.757984345336215; [0.6922492609608379, 0.5199471199185062, 0.4473591148558156, 0.4045200248289608, 0.37506240533935165, 0.35293253447977757, 0.3352379081007362, 0.32057686155498955, 0.3081248403366843, 0.29722141130388474, 0.2874569178253183, 0.2786917352991013, 0.2707595568979286, 0.26333519396881755, 0.2562518245565908, 0.2496898847164187, 0.2437585015169831, 0.23801895130249018]; [5.6440740789949235e-5, 0.0005858266042665012, 0.0006152768587114645, 0.00034805813120270955, 0.00027695010898932894, 0.0005171840318657631, 0.0005571087170030127, 0.0004186530849421616, 0.0003413866388634872, 0.0004711492781500844, 0.00047307392091995245, 0.00029471210591188065, 0.00014627897068543788, 0.00034045182510156246, 0.0002683754031521203, 1.1340503309765894e-5, 9.877754141407238e-5, 9.877754141407238e-5];
70; 0.22857142857142856; -19.44312637666241; [0.7068402281989005, 0.5344961745868271, 0.46127961407163726, 0.4179471185359909, 0.3879625477282228, 0.3654468494406059, 0.3475317147449441, 0.33262523857161075, 0.319856603930361, 0.30873175178460044, 0.29888260117345194, 0.2899721104955553, 0.28174844115758835, 0.2741181760023934, 0.26708257068004826, 0.26054020001967776, 0.25418335980890155, 0.24769590992061802]; [2.3003601540284303e-5, 0.00033547429044043564, 0.0004128297620472183, 0.00030610846647347354, 0.00024737688414975135, 0.00033512838059285765, 0.0003833950045526735, 0.0003696993727736795, 0.00034120154563050564, 0.00035804345674706123, 0.0003538601995072924, 0.0002830153686839869, 0.00016741519235557442, 0.00019737056759446962, 0.00034300610844695105, 0.00030985239243556815, 0.0001164691596637116, 0.0001164691596637116];
70; 0.2357142857142857; -20.143822479391794; [0.7176360449133986, 0.5472671701600089, 0.47401921543428754, 0.430509212479905, 0.40030121448177325, 0.37754810712860976, 0.35941580971129955, 0.3443066965658817, 0.3313399358931128, 0.3200340544502209, 0.31002373055318194, 0.3009511552794944, 0.292560167236704, 0.2847846519689148, 0.2776212021155312, 0.27089986933165433, 0.26427326628231845, 0.25750385505110934]; [2.4224878336192438e-5, 0.00037654273850621956, 0.00044072246366078744, 0.0002993754454648437, 0.0002556493038883751, 0.0004101568239801938, 0.00044491367173283544, 0.0003769930333004984, 0.0003564319935099064, 0.0004368620299537771, 0.0004353311384104395, 0.0003107079883865553, 0.00019201729793983367, 0.0003321277949762413, 0.0004487745905043993, 0.00033282647053068087, 0.00010382031746931027, 0.00010382031746931027];
70; 0.24285714285714285; -20.857496957513327; [0.7333991697087108, 0.5626810384118632, 0.4885906307581949, 0.4446264681147002, 0.4140229529826918, 0.3908099633242141, 0.372269012914756, 0.356917398457886, 0.343807072650129, 0.33228613076770147, 0.3219526645242154, 0.3126097174728257, 0.30413707180978117, 0.2963464325215284, 0.2889550956311934, 0.28171638114544895, 0.27459428939847513, 0.2677768105567539]; [1.8967351431284613e-5, 0.0005025670857295981, 0.0007117140972439315, 0.0006080770479610592, 0.0003882220332444174, 0.00045086740886415817, 0.000707433103605812, 0.0008148395867396205, 0.0006948500658863807, 0.0004991249640100466, 0.0005291211409834486, 0.0007388888886710472, 0.0008314276123408818, 0.0006765066628731486, 0.0003527521243750449, 7.216976817896589e-5, 2.471904962241864e-5, 2.471904962241864e-5];
70; 0.25; -21.5828391769058; [0.7479107815535374, 0.5777020108908767, 0.5029142190363486, 0.45842552604687525, 0.42749140352422266, 0.4040394767394511, 0.38524548972604106, 0.36958406638806307, 0.35616508311958056, 0.34443650862330094, 0.33401692187886795, 0.3246008668717029, 0.31592553571151805, 0.307785830228804, 0.3000678151649664, 0.29275993106054743, 0.2859069591805316, 0.2795105436292615]; [2.833665056175278e-5, 0.0002865574291420136, 0.000508790262160921, 0.0006226623860415201, 0.0006006512288069031, 0.0005016630165655336, 0.00046635375732650156, 0.0005626897414306426, 0.0006916520737300774, 0.0007517848002368937, 0.0006885789938732617, 0.0005008735867512104, 0.00024828483839258255, 2.8904383880854255e-5, 8.526414092910735e-5, 7.869068772831815e-5, 2.240800425073447e-5, 2.240800425073447e-5];
70; 0.2571428571428571; -22.32323378797266; [0.7595081915585153, 0.5911322935707879, 0.5162842019183115, 0.4715485807375725, 0.4403819647116945, 0.4167121156727807, 0.3977064306194897, 0.38184090056834435, 0.36822874619532353, 0.35631572639546283, 0.34571346847869927, 0.3361099359951631, 0.32725261822364843, 0.3189608164912053, 0.3111512729903067, 0.3038112023508339, 0.29693113248179626, 0.2904256128678861]; [3.079896272098547e-5, 0.00021897220456300236, 0.00036800126963292104, 0.0004537045971241191, 0.0004640213171568875, 0.00042845378302910973, 0.00043259703746977626, 0.0005009260458184966, 0.000562409541718631, 0.0005544712003380422, 0.00044823565464089456, 0.0002645012261248589, 7.347335665713371e-5, 6.989529634187756e-5, 8.727258051098309e-5, 3.992341586956053e-5, 1.7256941288002119e-6, 1.7256941288002119e-6];
70; 0.2642857142857143; -23.07806386596394; [0.7741230433442501, 0.6065852588721173, 0.5313287129134994, 0.4861593102580776, 0.45459631298243225, 0.43059222067068736, 0.4113488130643991, 0.39534145556110833, 0.38162468271086125, 0.369566156613464, 0.35874409323846146, 0.3488961719192822, 0.33987499927948944, 0.3315908556027573, 0.3239543849181989, 0.3168299813884815, 0.31002223089434605, 0.3033037543754398]; [4.6479446048531634e-5, 0.00028164816595684555, 0.0005134463284205494, 0.0006100012315441254, 0.0005906652439431279, 0.0005118792005769286, 0.0004082974461497438, 0.00028148157360878475, 0.00018697096893887445, 0.00023276590786155924, 0.0002878438099608938, 0.0002466427488812179, 0.00011770058293833014, 5.6619653594796647e-5, 0.0001522246439934581, 0.00015506123583975152, 7.396577369458575e-5, 7.396577369458575e-5];
70; 0.2714285714285714; -23.84527562341614; [0.7905336277698681, 0.6232654891353105, 0.5473553437439235, 0.5017132981146664, 0.46982100544911737, 0.44551255432043374, 0.42591940148554314, 0.409522538415968, 0.3954459704676849, 0.38314382334300995, 0.3722405563734552, 0.3624442934837556, 0.3535024287037676, 0.34518476792030917, 0.33728384425484276, 0.3296265792540398, 0.32208753937194706, 0.3146014720210396]; [6.49280810452652e-5, 0.0003012354993934526, 0.0005488511686410658, 0.0006732274896208112, 0.0006897180897658531, 0.0006106199722676983, 0.0004526353469346503, 0.00028431091308302045, 0.00032818055952047457, 0.0005486368431549808, 0.000740711539000083, 0.0008284792618381832, 0.0007912690744438415, 0.0006465134785355409, 0.00044053624199432833, 0.00023110884572251388, 6.92567277172305e-5, 6.92567277172305e-5];
70; 0.2785714285714286; -24.62535510541579; [0.7997473185754258, 0.6351106518234289, 0.5596097592162286, 0.5139647504857294, 0.48200210260311827, 0.45762982832477883, 0.4379844238234624, 0.42153612034243343, 0.40739195910829706, 0.3949874375916142, 0.38393325466748673, 0.3739351245717746, 0.3647541108717886, 0.35618642319500105, 0.34805907853807544, 0.340233267771597, 0.3326066805787507, 0.32512016865080295]; [3.113271391003394e-5, 0.00020461962303860548, 0.00036707500416338846, 0.00044540041038772536, 0.00045947496108474757, 0.0004460327779603221, 0.00044722901293467216, 0.0004944847374792814, 0.0005804948975136943, 0.0006662290738134566, 0.0007119274930704391, 0.0006945221884236497, 0.0006092519228140582, 0.0004712109513558405, 0.0003104129650452252, 0.00015975185446623637, 4.662935534444874e-5, 4.662935534444874e-5];
70; 0.2857142857142857; -25.418439803804024; [0.8238737674576725, 0.6579086211098055, 0.5807463119707644, 0.5336458710335777, 0.5004471978454705, 0.475050197869491, 0.454567751306135, 0.437428416957264, 0.42269679346422234, 0.40977934844077385, 0.3982792494927183, 0.3879178947157629, 0.37849058326294593, 0.3698392794530458, 0.36183480126674017, 0.35436606459228737, 0.3473303697301225, 0.34062607823728197]; [0.00018403705346377685, 0.0001048809071604224, 0.00034943665037044067, 0.0005353047302657836, 0.0006578139012341384, 0.0007167398297214451, 0.0007170026696188721, 0.0006686257141965199, 0.000584053115732717, 0.00047656295562963297, 0.00035949123022718576, 0.00024476403213092473, 0.00014326905102516344, 6.396465384565829e-5, 1.1609901640317216e-5, 1.2446880381680225e-5, 1.0074796582666154e-5, 1.0074796582666154e-5];
70; 0.29285714285714287; -26.231232316169102; [0.8300743782202297, 0.6675493013137175, 0.5914556547647962, 0.5448561381137336, 0.5119436816136756, 0.48671266088933557, 0.46631498151620115, 0.4492096099144171, 0.4344840621713452, 0.42155838875044277, 0.41003983764427443, 0.3996494112401762, 0.3901779607333254, 0.38146239268998416, 0.37336915502788803, 0.3657841095284865, 0.3586040127810149, 0.3517307126482335]; [0.0001652745280790431, 6.827332332956037e-5, 0.000264121563280457, 0.00041314440921163105, 0.0005083168714162185, 0.000553086527215178, 0.0005539727064898466, 0.0005172687545157009, 0.00045057562181344995, 0.0003644305611146054, 0.00026873045114079633, 0.00017557364560925504, 9.534212946390045e-5, 3.896362642856896e-5, 2.4072302533441423e-5, 2.8123740573476538e-5, 1.9621045518411794e-5, 1.9621045518411794e-5];
70; 0.3; -27.045179177231052; [0.8583719756146879, 0.694247661495786, 0.6162657053454104, 0.5678043622205332, 0.5331056162763204, 0.5061824037287073, 0.4841752548964461, 0.46551482071650974, 0.4492571001028043, 0.4347929411805388, 0.4217051301878098, 0.40969272570877335, 0.3985286149173847, 0.38803431023756346, 0.37806425378634984, 0.36849535327825106, 0.3592191396990711, 0.3501327893612817]; [8.254563029672812e-6, 0.0001749164768387087, 0.00035573492672694385, 0.0005155385803021243, 0.0006440637212043763, 0.0007396195653749732, 0.0008001213512910942, 0.0008247992339846589, 0.0008152142440945933, 0.0007745761523490285, 0.0007070887094141676, 0.0006174907866597237, 0.0005109431123897854, 0.00039347223822619904, 0.0002724447694232039, 0.00015686130374956494, 5.76683126152508e-5, 5.76683126152508e-5];
70; 0.30714285714285716; -27.89097674590373; [0.8637850698888231, 0.7030845901828434, 0.626389591345276, 0.5787158896667782, 0.5445942013871433, 0.5181335954698186, 0.4965178091994953, 0.4782001102834008, 0.46224963423593546, 0.4480654416798203, 0.43523598269379166, 0.42346445767641355, 0.4125267585412036, 0.4022466133568263, 0.3924801246519297, 0.38310542738464, 0.3740148362758944, 0.36510526665982035]; [7.90497705736735e-6, 0.00015694364566808388, 0.0003239381188790346, 0.00047447731333164606, 0.0005974587566263903, 0.0006907493376186561, 0.000751687672331462, 0.0007789302649206263, 0.0007733289818493818, 0.0007377665243051704, 0.000676093518706293, 0.0005925645688680261, 0.0004919925347048779, 0.00038016479256049017, 0.00026418750141592477, 0.00015280405333570213, 5.641090022422628e-5, 5.641090022422628e-5];
70; 0.3142857142857143; -28.741855946840392; [0.8688530371770444, 0.7113055623069593, 0.6357484777046523, 0.5887523886136962, 0.5551174716080967, 0.5290423611834825, 0.5077503172035429, 0.48971505778626134, 0.4740173929078071, 0.46006385150785145, 0.4474479535507151, 0.4358764539243406, 0.4251278705658082, 0.4150278605738451, 0.4054338056481988, 0.3962248387269607, 0.3872943921866728, 0.3785446587259618]; [7.090455364992732e-6, 0.00014169126816135626, 0.00029662775349818826, 0.00043814046973357685, 0.0005565586802887161, 0.0006479524701499027, 0.000708960819397178, 0.0007377672783239857, 0.0007352226418163564, 0.0007038914391156949, 0.0006471926166331399, 0.0005690405687770699, 0.000473832735108383, 0.0003668453678453868, 0.0002549108657983758, 0.0001466432758574186, 5.183797411185372e-5, 5.183797411185372e-5];
70; 0.32142857142857145; -29.597485563229423; [0.8736127052196764, 0.7189892798390782, 0.6444504569098745, 0.598045221458924, 0.5648275178342177, 0.5390786566249974, 0.5180582230974632, 0.5002585299872143, 0.48477108727737017, 0.47100910741913016, 0.4585706876899745, 0.4471657183682905, 0.43657495864592716, 0.426625954641332, 0.4171775604670978, 0.40810975649317693, 0.39931662139354857, 0.39070086018782624]; [5.92296951698034e-6, 0.00012931330514793352, 0.00027351518327362734, 0.0004074664111010561, 0.000521055792482333, 0.0006099495822991137, 0.0006704811175657012, 0.0007006635750346463, 0.000700959757340495, 0.0006735554307583461, 0.0006212827054638298, 0.0005477107922970282, 0.000457331807487987, 0.0003551545805856079, 0.00024747244759200783, 0.00014268167228209897, 5.0523367529555e-5, 5.0523367529555e-5];
70; 0.32857142857142857; -30.485632937629962; [0.9032747652944674, 0.7488423377112634, 0.6745654939476137, 0.6284668097993209, 0.595586368207841, 0.5701719226200422, 0.5494756936478301, 0.5320045794882249, 0.5168674858471464, 0.5034896845469207, 0.491474460753618, 0.48053330196093974, 0.47044419773810087, 0.4610295953512793, 0.45213870355822294, 0.4436360039987128, 0.4353959890919734, 0.4272925515807555]; [7.909183026767123e-5, 9.780282491802825e-5, 0.0001114983620259614, 0.00011153955667382943, 0.00010840053225317568, 0.00011347310768423177, 0.0001443951710613245, 0.00019707434990377882, 0.0002542701448227855, 0.00030339919448686237, 0.0003370396550498756, 0.0003481234987335254, 0.0003344594454222535, 0.00029318249649078415, 0.00022623071640620046, 0.00014380457922439984, 6.150139025324256e-5, 6.150139025324256e-5];
70; 0.3357142857142857; -31.37830756617787; [0.9184888411625891, 0.7653545394692838, 0.6913476016545649, 0.6453155585344272, 0.6124421118925907, 0.5870221495705901, 0.5663235426863482, 0.5488475309573563, 0.5336871276775771, 0.5202521218305831, 0.508135139046256, 0.4970441028344148, 0.4867615565184359, 0.4771238535736505, 0.46799910106926074, 0.459279464031036, 0.45087049250510464, 0.4426753424144714]; [4.5725405270751515e-5, 0.0001221908627096344, 0.00024246169610588175, 0.0003749496465676328, 0.0004882039578843615, 0.0005753490534958738, 0.0006275753193946431, 0.0006383637068988578, 0.0006108449160971847, 0.0005532833234814341, 0.0004783258628340593, 0.0003961749712509188, 0.0003166704681326685, 0.00023834740545754116, 0.00016532449026271528, 9.793379757121406e-5, 3.9908354032463635e-5, 3.9908354032463635e-5];
70; 0.34285714285714286; -32.28528804644091; [0.9320745626952779, 0.7802949715558811, 0.7065866102337914, 0.6606421720920537, 0.6277711848490738, 0.6023145593265056, 0.5815604567820962, 0.5640194109118709, 0.54879313349729, 0.5352991719069938, 0.5231338539521355, 0.5120032610720238, 0.5016813696347501, 0.4919891797938387, 0.4827829163343516, 0.4739447560423443, 0.4653876907212029, 0.45701988445108954]; [4.8253781524661976e-5, 0.00013961076113071504, 0.00025685543340159977, 0.0003664406709310978, 0.00045576753311345, 0.0005301598012037207, 0.0005896874115345384, 0.0006314667358220664, 0.0006508201838811425, 0.0006414731729826742, 0.0006018772211628552, 0.0005314717899253423, 0.00043598494942241335, 0.00032649694780578016, 0.00021550860722009213, 0.00012170755924335088, 4.2964918237988125e-5, 4.2964918237988125e-5];
70; 0.35; -33.2078089056544; [0.9487522414543985, 0.7978921766483316, 0.7242990285991806, 0.6783172292903245, 0.6453600932659787, 0.6198106203829092, 0.5989732727642317, 0.5813606147818791, 0.5660691619391524, 0.5525108749493279, 0.5402822399388593, 0.5290936247709698, 0.5187276996995601, 0.5090123460387462, 0.4998007696192165, 0.490962723830833, 0.48238062576120283, 0.4739485183370742]; [4.0853495588739436e-5, 0.00010927087553959272, 0.00019689296929508083, 0.0002897009361944856, 0.0003799236612687765, 0.00046193848400379533, 0.000526723618658734, 0.0005653859271511735, 0.0005769952629352594, 0.0005660716212723064, 0.0005374770885104319, 0.0004936973761141806, 0.0004335317964723445, 0.0003532372445068892, 0.00025536463181717985, 0.0001507279786940752, 5.43132446035294e-5, 5.43132446035294e-5];
# [finished at 2025-02-17T16:51:51.179]
