# J, μUp(∞), μDown(∞), error_μUp(∞), error_μDown(∞), chi2_plus, chi2_minus
0.0,1.0000000000000044,1.2000000000000017,1.3562642366021652e-15,3.229302268676088e-16,2.348093788196918e-29,1.3312027775604574e-30
0.007142857142857143,0.9715998557746505,1.186093459757426,7.305224335924247e-5,3.244383236266625e-5,6.812302649590818e-8,1.343665347794448e-8
0.014285714285714285,0.9428296528360846,1.1722563883771675,0.0001377638448937773,7.616026286269745e-5,2.42268711747131e-7,7.404294570674547e-8
0.02142857142857143,0.9142286578853538,1.1587998173831933,0.0001902697174857854,0.00011493524219349997,4.621321323301483e-7,1.6862938276638763e-7
0.02857142857142857,0.8857677155947525,1.14584052430479,0.00023304684614219642,0.00015294775177435992,6.93287355691205e-7,2.986159594832306e-7
0.03571428571428571,0.8574973470384719,1.1332235631813716,0.00028600374584887957,0.00018398230500565166,1.0441677177266164e-6,4.32094691400066e-7
0.04285714285714286,0.8293801533988251,1.1209878321152744,0.0003432205025453582,0.0002031318525343356,1.5037417767613556e-6,5.267237221678042e-7
0.05,0.801403159959155,1.1091975406431103,0.0003930821385481516,0.0002324544906768226,1.972392942621619e-6,6.897674570873048e-7
0.05714285714285714,0.7736231777767232,1.0978449216274153,0.00044948178793533097,0.0002584387984384137,2.578998081668235e-6,8.525939490112506e-7
0.06428571428571428,0.7460342255231498,1.0869369507253834,0.0005072884596962969,0.0002858830687942368,3.285010673721582e-6,1.0432867465998262e-6
0.07142857142857142,0.7186616960745933,1.0764789836466186,0.0005692318506103737,0.0003125573689711742,4.1362349947972325e-6,1.2470570002512657e-6
0.07857142857142857,0.691516864188486,1.0664976592173858,0.0006337446044277709,0.00034302822476032667,5.126906171273403e-6,1.50205740694777e-6
0.08571428571428572,0.6646140347690402,1.0569953801896566,0.0007000398001488192,0.00037285947703187994,6.255647719978478e-6,1.774668300602971e-6
0.09285714285714286,0.6379690705906602,1.047998420349297,0.0007667258035712413,0.00040396565390600134,7.504244548228808e-6,2.0831267870165615e-6
0.1,0.6116011070727368,1.0395179197014173,0.0008327075318832918,0.0004328943230777203,8.85139670399957e-6,2.3921620749695927e-6
0.10714285714285714,0.5855316753239543,1.0315751570020908,0.0008969664716817777,0.0004586075446704424,1.0270207986580624e-5,2.684783128211238e-6
0.11428571428571428,0.5597827865199815,1.024193686555542,0.0009578373261134682,0.00047975171237616467,1.1711440974595759e-5,2.9380547653946915e-6
0.12142857142857143,0.5343808611755936,1.017399808926852,0.001013658256998167,0.0004946985604853836,1.3116257807025009e-5,3.123979051591853e-6
0.12857142857142856,0.5093518772170369,1.011220028922603,0.0010619522031189083,0.0005013132001210514,1.4395831681630466e-5,3.2080793376107016e-6
0.1357142857142857,0.4847292444606793,1.0056879421198546,0.0011005597158665974,0.0004979588330028008,1.5461586127107864e-5,3.1652914206049605e-6
0.14285714285714285,0.46054696847596804,1.0008375191131458,0.0011264750346714678,0.00048243823591698714,1.619831954490166e-5,2.971052055491526e-6
0.15,0.4368428134718699,0.9967059502204363,0.00113683649758919,0.000452940857933268,1.649767848503638e-5,2.6188451298603033e-6
0.15714285714285714,0.4136593143592225,0.9933341713613315,0.0011285792346546783,0.000407820662253248,1.6258891393588116e-5,2.1230746794349127e-6
0.16428571428571428,0.3910440325455894,0.9907669201921356,0.0010993289785259516,0.00034658041900587896,1.542702460068346e-5,1.5333272874308511e-6
0.17142857142857143,0.36904554117220284,0.9890489384787732,0.0010469690800871114,0.0002700129219138357,1.3992474740546405e-5,9.306704329404746e-7
0.17857142857142858,0.3477170133509178,0.9882275629652514,0.000970968302195669,0.00018446832127306864,1.2034745880267523e-5,4.34380589844957e-7
0.18571428571428572,0.3271127010803137,0.9883496655503978,0.0008723573668398114,0.00011934950889590207,9.714393367759992e-6,1.8183106911417405e-7
0.19285714285714287,0.30728481111282824,0.9894583526949288,0.0007546151728969215,0.00015322035339676666,7.269053848644201e-6,2.9968136568031343e-7
0.2,0.2882801991478088,0.9915898186376846,0.0006235494736249011,0.000259813247008942,4.963278597536271e-6,8.616867217502809e-7
0.20714285714285716,0.2701357951787758,0.9947694774076089,0.0004877151545912965,0.0003800626670788731,3.0364023619739035e-6,1.843899484950844e-6
0.21428571428571427,0.2528715444800926,0.9990052217723705,0.00035724947399457825,0.0004930089682568218,1.6291835476342305e-6,3.102676231980856e-6
0.22142857142857142,0.2364838092775106,1.0042822615494236,0.00024262816352584892,0.0005865671527869261,7.514658372779019e-7,4.391999663457491e-6
0.22857142857142856,0.22093965635583113,1.0105583501360857,0.00015244110261634767,0.0006527454242971337,2.966408674543118e-7,5.438942804602937e-6
0.2357142857142857,0.2061761360177956,1.0177631251797223,9.181532518996014e-5,0.0006875956667618362,1.0761112536590743e-7,6.035219666614929e-6
0.24285714285714285,0.1921038654564932,1.025802653074652,6.153965056167735e-5,0.000691785079523844,4.8343364408706084e-8,6.108987006058889e-6
0.25,0.17861594108875314,1.0345673524361287,5.7747824030990796e-5,0.0006699547909329573,4.2569452883317523e-8,5.729514383134093e-6
0.2571428571428571,0.1656002681610029,1.0439443085705271,7.259659075562302e-5,0.0006290034652016962,6.727586211200683e-8,5.050482792054664e-6
0.2642857142857143,0.15294985640122624,1.0538263487549224,9.83223635932676e-5,0.0005762453490628269,1.234046259194585e-7,4.238787900449183e-6
0.2714285714285714,0.1405708223061116,1.0641194638172928,0.00012879568122249732,0.0005180312128196019,2.1175292626393293e-7,3.4256159777991757e-6
0.2785714285714286,0.1283848730205529,1.0747452050820576,0.0001594416645914763,0.00045908529527567677,3.2451177453656315e-7,2.6903797429529503e-6
0.2857142857142857,0.11632982758341268,1.0856405266430107,0.00018716373055240596,0.0004025181464739371,4.4716747321764437e-7,2.068224831830485e-6
0.29285714285714287,0.10435772442063913,1.0967561626378228,0.00021033669963005985,0.0003500600544265435,5.647508978052491e-7,1.56427077545917e-6
0.3,0.0924319911965185,1.1080535277003842,0.0002281822078761122,0.00030253988695271505,6.646459698603112e-7,1.1684014848271592e-6
0.30714285714285716,0.08052578610670053,1.1195032850833226,0.00024070606825605547,0.0002600709400039598,7.39606804066701e-7,8.633968790194612e-7
0.3142857142857143,0.06861931138496917,1.131082693082017,0.00024827593882231265,0.00022246842886419998,7.868574937965528e-7,6.317766854983236e-7
0.32142857142857145,0.056698042871054656,1.1427740281830492,0.00025142683620702817,0.00018932121508260366,8.069564192953151e-7,4.575361211258542e-7
0.32857142857142857,0.04475183208953155,1.1545635570666726,0.00025077018259719646,0.00016015648404748143,8.027468536463112e-7,3.274280426155797e-7
0.3357142857142857,0.032773276668145425,1.1664402596606527,0.00024695225983313205,0.00013449437707508812,7.784896250014872e-7,2.3090592408550086e-7
0.34285714285714286,0.020757428629571,1.178395403506896,0.0002405226837587352,0.0001118855905628541,7.384802786146214e-7,1.5979939723470314e-7
0.35,0.00870100526708144,1.1904218565878506,0.00023203949606224778,9.19003687153142e-5,6.873068097759818e-7,1.0781056629893047e-7
