# Fit results on Γ. Minimum size considered: LMin = 20.
# J, rMin, rMax, K_∞, e_K_∞, chi2n
0.2, 2, 12, 1.5292431200991272, 0.00041940848129952147, 1174.5715620601559
0.2, 2, 14, 1.5483320388094244, 0.00036674414477547114, 15749.400459204107
0.2, 2, 16, 1.5896069662470191, 0.0003345800314784495, 32001.97804349633
0.2, 2, 18, 1.5858205362715525, 0.0003029003448587231, 143651.12156931372
0.2, 4, 12, 1.9163137597259954, 0.0013284302428638857, 127.16150196853224
0.2, 4, 14, 1.9739707145766585, 0.0011013054768862678, 1516.4392951443112
0.2, 4, 16, 2.04201268888889, 0.0009720435339495957, 3174.0339833096787
0.2, 4, 18, 2.060194923262626, 0.0008472964992122388, 13685.050352313578
0.2, 6, 12, 2.2268187592896553, 0.0029272252207517926, 17.989623478954503
0.2, 6, 14, 2.301020308556529, 0.002305568211835171, 318.13389342843385
0.2, 6, 16, 2.371697215602859, 0.0019525634307947142, 766.0438875052698
0.2, 6, 18, 2.4044736914490805, 0.0016738941384326904, 3179.968775304805
0.2, 8, 12, 2.48892461636209, 0.0058845185541511105, 3.679456891353572
0.2, 8, 14, 2.584714574246093, 0.004308902952252243, 92.56156188046724
0.2, 8, 16, 2.6653626312109786, 0.0034500825210077423, 265.9232276029697
0.2, 8, 18, 2.7283782539727577, 0.002888701795656494, 989.0662604192963
0.20714285714285716, 2, 12, 1.3835743153393196, 0.0005312822411581572, 558.9315221786921
0.20714285714285716, 2, 14, 1.3831382999137443, 0.0004757482644791592, 9442.920980635183
0.20714285714285716, 2, 16, 1.3998420556167703, 0.00044211775961999343, 20795.982485956956
0.20714285714285716, 2, 18, 1.3921711734748625, 0.0004161037928297073, 93473.13467859397
0.20714285714285716, 4, 12, 1.6821884235895144, 0.0017145810760141324, 61.744827179557895
0.20714285714285716, 4, 14, 1.7048311313011402, 0.0014646974551429878, 873.7001957426202
0.20714285714285716, 4, 16, 1.739785401515122, 0.0013239598205898589, 2037.2801835850555
0.20714285714285716, 4, 18, 1.7486547554726555, 0.0011996772997603187, 8165.394530969888
0.20714285714285716, 6, 12, 1.9207150544350275, 0.0037806172114277963, 8.525986779665512
0.20714285714285716, 6, 14, 1.9662360407658497, 0.00309552375021665, 184.35223749405552
0.20714285714285716, 6, 16, 2.0107199087020633, 0.002692222587864918, 488.2577070204088
0.20714285714285716, 6, 18, 2.041836885824389, 0.0023949851782360003, 1810.6540404819746
0.20714285714285716, 8, 12, 2.125514868363885, 0.007483987166530093, 1.6766690353275946
0.20714285714285716, 8, 14, 2.191561123543069, 0.005725007850594698, 55.0001262882798
0.20714285714285716, 8, 16, 2.2392725564724807, 0.004704581040940559, 176.8965325387759
0.20714285714285716, 8, 18, 2.2921688770096895, 0.00407758002821869, 587.745754453314
0.21428571428571427, 2, 12, 1.2467282572380725, 0.0006598517084481637, 290.8111588908107
0.21428571428571427, 2, 14, 1.2476223017599584, 0.00060441250085911, 5686.888898308229
0.21428571428571427, 2, 16, 1.266380288933302, 0.0005677459469653095, 12115.56699709868
0.21428571428571427, 2, 18, 1.293728279928512, 0.0005462393280842411, 44605.954021274105
0.21428571428571427, 4, 12, 1.4702901282411764, 0.002147890928193074, 31.662387194122747
0.21428571428571427, 4, 14, 1.489983935942381, 0.0018733177366268808, 516.8273835302105
0.21428571428571427, 4, 16, 1.5250775361237807, 0.0017088652351512647, 1170.2433973216853
0.21428571428571427, 4, 18, 1.5571377067642682, 0.0015796740692039944, 3931.847115085349
0.21428571428571427, 6, 12, 1.649970322619057, 0.0047396981475119, 4.417917368266526
0.21428571428571427, 6, 14, 1.689969371973652, 0.003958662606101827, 112.52571783265032
0.21428571428571427, 6, 16, 1.7310205121277564, 0.0034684352727799126, 304.62973671510025
0.21428571428571427, 6, 18, 1.7796823202764633, 0.0031318235605323763, 908.9704171326116
0.21428571428571427, 8, 12, 1.8052302118283927, 0.009408506946119435, 0.9334443406375076
0.21428571428571427, 8, 14, 1.8620245123511634, 0.0073151453310638685, 34.80612973014148
0.21428571428571427, 8, 16, 1.9004283249823615, 0.0060408282310225716, 120.73668668349852
0.21428571428571427, 8, 18, 1.965604207087815, 0.00529732286400946, 306.41478914337597
0.22142857142857142, 2, 12, 1.1272149856710518, 0.0007937979458565252, 146.63682344096185
0.22142857142857142, 2, 14, 1.1311102918865032, 0.0007405205253009515, 3440.9979991584455
0.22142857142857142, 2, 16, 1.149101210301424, 0.0007000509534927856, 7328.358224648585
0.22142857142857142, 2, 18, 1.192696605593851, 0.0006745892866251883, 23649.022448570755
0.22142857142857142, 4, 12, 1.286858530451351, 0.002578934444346754, 16.480213957998174
0.22142857142857142, 4, 14, 1.3037511573661529, 0.0022821510085885826, 317.9754355934895
0.22142857142857142, 4, 16, 1.33351718374327, 0.002090693077748516, 724.3540011454222
0.22142857142857142, 4, 18, 1.3725901471141022, 0.001948720808769436, 2140.9876093384396
0.22142857142857142, 6, 12, 1.4148300689208568, 0.005696329658670479, 2.5384474533185117
0.22142857142857142, 6, 14, 1.4484006945130536, 0.004815829777949269, 72.46692099145547
0.22142857142857142, 6, 16, 1.4810041627407982, 0.00423586722258996, 205.81608230069284
0.22142857142857142, 6, 18, 1.5327102115930629, 0.003848795715695586, 519.1800144133158
0.22142857142857142, 8, 12, 1.5268453825485335, 0.011355648594558619, 0.6188169265989376
0.22142857142857142, 8, 14, 1.574591114179928, 0.008903483395773503, 23.89295409034128
0.22142857142857142, 8, 16, 1.601716890749456, 0.007378503177394357, 89.7187276466913
0.22142857142857142, 8, 18, 1.6669847509110873, 0.006497166024885905, 186.1711090522083
0.22857142857142856, 2, 12, 1.0226361170230076, 0.0009168192289775046, 75.5200099624307
0.22857142857142856, 2, 14, 1.0285093791643387, 0.0008640063397612674, 2121.7613468341447
0.22857142857142856, 2, 16, 1.0446834166449568, 0.0008179763514428609, 4573.019991538553
0.22857142857142856, 2, 18, 1.0937451447817892, 0.0007809952346629685, 12993.904242434384
0.22857142857142856, 4, 12, 1.1273352485143908, 0.002960949101321188, 9.250007679001815
0.22857142857142856, 4, 14, 1.1413595003269459, 0.002641219075480214, 205.56759193229448
0.22857142857142856, 4, 16, 1.1653821121953194, 0.0024197739495057775, 475.7448170936869
0.22857142857142856, 4, 18, 1.20492266665939, 0.0022574975932352884, 1251.4759350315103
0.22857142857142856, 6, 12, 1.2118127932406084, 0.006537720583311336, 1.6023000479359413
0.22857142857142856, 6, 14, 1.239105110633259, 0.005556185459739078, 49.522764259814245
0.22857142857142856, 6, 16, 1.2635388445183375, 0.004887151608155366, 148.3873701577062
0.22857142857142856, 6, 18, 1.3123050475105984, 0.004442395383879403, 326.6426789004155
0.22857142857142856, 8, 12, 1.288202147511935, 0.013096972625662347, 0.43080850197908105
0.22857142857142856, 8, 14, 1.3276483291115053, 0.010282305740760249, 17.25805236100446
0.22857142857142856, 8, 16, 1.3452218913998868, 0.008521117553782855, 69.66920641463744
0.22857142857142856, 8, 18, 1.4052953683516034, 0.007494819903339238, 124.78516305749723
0.2357142857142857, 2, 12, 0.9326502933698974, 0.0010047162402731524, 40.65528245077452
0.2357142857142857, 2, 14, 0.9385437089789596, 0.0009520162582292483, 1367.3273096055902
0.2357142857142857, 2, 16, 0.9514240161506927, 0.000901657747893709, 3024.0527311420738
0.2357142857142857, 2, 18, 0.9981061997045549, 0.0008510058828526412, 7619.057443559997
0.2357142857142857, 4, 12, 0.9923463131487703, 0.0032234949572111527, 5.754245605699489
0.2357142857142857, 4, 14, 1.0021142515406947, 0.002892223764910005, 142.07603004314407
0.2357142857142857, 4, 16, 1.0192981659764022, 0.0026523725704616623, 338.8926749071006
0.2357142857142857, 4, 18, 1.0549157450721152, 0.0024736402233847634, 807.5505617200629
0.2357142857142857, 6, 12, 1.0418506694002887, 0.00711879919353509, 1.1353473027944134
0.2357142857142857, 6, 14, 1.0622837915535668, 0.006081173299273806, 36.37485919161304
0.2357142857142857, 6, 16, 1.07863060430657, 0.005358693039271494, 115.12311813801571
0.2357142857142857, 6, 18, 1.1217424285334792, 0.004869799720326855, 226.9137996402484
0.2357142857142857, 8, 12, 1.0900133107388632, 0.01428702600909829, 0.31760525841854015
0.2357142857142857, 8, 14, 1.1209132042462362, 0.01124726475215449, 13.377489921340144
0.2357142857142857, 8, 16, 1.1297870688031757, 0.009339218013678463, 57.50237953372154
0.2357142857142857, 8, 18, 1.1822096716898218, 0.008199313363970165, 92.5301484474606
0.24285714285714285, 2, 12, 0.8561483538593295, 0.0010498878316520751, 22.932762641907484
0.24285714285714285, 2, 14, 0.8610023179649127, 0.0009964869966524513, 908.395547499224
0.24285714285714285, 2, 16, 0.870473001935416, 0.000942367623197805, 2072.1252389819724
0.24285714285714285, 2, 18, 0.910162027370585, 0.0008803096794184108, 4635.292005069813
0.24285714285714285, 4, 12, 0.8803659750708592, 0.0033605381341440237, 3.7885043145910253
0.24285714285714285, 4, 14, 0.8866970382523789, 0.003018096893318642, 103.09316827424732
0.24285714285714285, 4, 16, 0.8984804911469105, 0.0027610069296297455, 252.30633178173463
0.24285714285714285, 4, 18, 0.928503210246463, 0.0025671449556784244, 550.6724036276332
0.24285714285714285, 6, 12, 0.9031136185596812, 0.00742814581359197, 0.8339855476713676
0.24285714285714285, 6, 14, 0.9180301942434428, 0.00633961900103835, 27.905021045130393
0.24285714285714285, 6, 16, 0.9280413185352309, 0.005572093228093393, 92.50085472524644
0.24285714285714285, 6, 18, 0.9638671374200795, 0.005049999650890856, 167.30077043606875
0.24285714285714285, 8, 12, 0.9298421563426443, 0.014927569021554605, 0.24272471235983922
0.24285714285714285, 8, 14, 0.9535076023724174, 0.011712685857235356, 10.78976069086149
0.24285714285714285, 8, 16, 0.9556445121973609, 0.00970274476349608, 48.80035886952963
0.24285714285714285, 8, 18, 0.9989614421388998, 0.00849265218014275, 72.7763307442977
0.25, 2, 12, 0.7929350491903406, 0.0010519001100586971, 14.322877712517567
0.25, 2, 14, 0.7957397711696532, 0.0009993726933186277, 610.9371332476207
0.25, 2, 16, 0.8014683167850634, 0.0009448965337329774, 1457.597622380102
0.25, 2, 18, 0.832740573382688, 0.0008781544154604926, 2989.432717057746
0.25, 4, 12, 0.7905210132589834, 0.0033626642218613076, 2.732478292444614
0.25, 4, 14, 0.7932694928099684, 0.0030223291695368293, 77.32393727872906
0.25, 4, 16, 0.7999080711729141, 0.002763135524895007, 195.57905836828758
0.25, 4, 18, 0.8235429123445399, 0.0025663666562816103, 401.5694314925163
0.25, 6, 12, 0.7932394641106773, 0.007443459175940602, 0.6638181586766817
0.25, 6, 14, 0.8027221360555336, 0.006352743815643527, 22.039861599829845
0.25, 6, 16, 0.8069615649393204, 0.005581345056723049, 76.29047821121073
0.25, 6, 18, 0.8352494547474751, 0.0050547277538512065, 130.44848893649086
0.25, 8, 12, 0.8037752279077898, 0.014989900041684509, 0.19357482257543074
0.25, 8, 14, 0.8205292412103078, 0.011750992776036605, 8.846971785352888
0.25, 8, 16, 0.8168910235756648, 0.009732031636723515, 41.77137980620361
0.25, 8, 18, 0.8514802642369894, 0.008510316508615706, 59.42526458057549
0.2571428571428571, 2, 12, 0.7309620198334085, 0.0012570375016730142, 124.51930790770191
0.2571428571428571, 2, 14, 0.7361096630380405, 0.0011841769384659513, 642.3662063200223
0.2571428571428571, 2, 16, 0.7428913556365861, 0.0011031249842515718, 1404.825608462229
0.2571428571428571, 2, 18, 0.7769455305669782, 0.0009813660895094131, 2404.8302360279986
0.2571428571428571, 4, 12, 0.6951132312773106, 0.003904597680948878, 64.07376526085454
0.2571428571428571, 4, 14, 0.6955264230215963, 0.003494538603616408, 176.2226950971581
0.2571428571428571, 4, 16, 0.699501743566708, 0.0031614603859072897, 354.49387652269786
0.2571428571428571, 4, 18, 0.7246032144050093, 0.0028986886871895214, 641.8390139900799
0.2571428571428571, 6, 12, 0.6708060664838759, 0.00848970572912425, 26.3800807828032
0.2571428571428571, 6, 14, 0.6744760377509382, 0.007214058616457516, 74.11789248694313
0.2571428571428571, 6, 16, 0.672870298327313, 0.006293776211231843, 168.4064751719785
0.2571428571428571, 6, 18, 0.6985752941276958, 0.005655698674619669, 293.8485449582899
0.2571428571428571, 8, 12, 0.6631652401904916, 0.01687069386748808, 9.170700289042838
0.2571428571428571, 8, 14, 0.6711321638273375, 0.01316091324753735, 32.40945010370201
0.2571428571428571, 8, 16, 0.6586470118253899, 0.010853317348543121, 88.38826690168818
0.2571428571428571, 8, 18, 0.6871026437369618, 0.009432455195337771, 152.1894739010701
0.2642857142857143, 2, 12, 0.5983601491040967, 0.0011174072594356294, 533.2692597751502
0.2642857142857143, 2, 14, 0.5894916334990293, 0.001012115853763246, 1847.78204597658
0.2642857142857143, 2, 16, 0.5805069687521577, 0.0009120392284995065, 3869.104621213855
0.2642857142857143, 2, 18, 0.5968083008508441, 0.0008054757689203414, 9181.976519237392
0.2642857142857143, 4, 12, 0.4958393148666912, 0.003035380189556794, 193.52517971514123
0.2642857142857143, 4, 14, 0.4723442252894532, 0.00262830046057206, 503.50292401056225
0.2642857142857143, 4, 16, 0.4519785822365861, 0.0023242840082643066, 1018.4220444187176
0.2642857142857143, 4, 18, 0.4383637455582214, 0.002100438128583706, 2208.959018674381
0.2642857142857143, 6, 12, 0.4291572890377408, 0.006157921049646555, 70.7931352698948
0.2642857142857143, 6, 14, 0.40114458953038473, 0.005076779992656094, 199.1280446697386
0.2642857142857143, 6, 16, 0.3696833351537235, 0.004334704849051624, 437.5838799472899
0.2642857142857143, 6, 18, 0.3486153537759836, 0.003838802619405565, 897.603671592617
0.2642857142857143, 8, 12, 0.3897882031277734, 0.011584057140847419, 24.692823130416524
0.2642857142857143, 8, 14, 0.35682372403958107, 0.00879264258624514, 86.99280302015995
0.2642857142857143, 8, 16, 0.3099807738833694, 0.007073557850335209, 219.12059566195884
0.2642857142857143, 8, 18, 0.2838678205790739, 0.006057826170745409, 456.26272898573365
0.2714285714285714, 2, 12, 0.564399694134973, 0.0011345232827924753, 396.10810970754596
0.2714285714285714, 2, 14, 0.548501173487001, 0.0010337101335303465, 2115.227584875181
0.2714285714285714, 2, 16, 0.5304645375519671, 0.0009416092351441759, 4106.959146954756
0.2714285714285714, 2, 18, 0.511391435253404, 0.0008242734293372427, 4598.553367940148
0.2714285714285714, 4, 12, 0.4647321261606591, 0.003230153180606371, 109.89309709388282
0.2714285714285714, 4, 14, 0.440370863707461, 0.002840185481088199, 413.180340418983
0.2714285714285714, 4, 16, 0.41879488618870897, 0.0025199737464467725, 742.1432420527749
0.2714285714285714, 4, 18, 0.4125701553201995, 0.002251922887175816, 783.5204294983876
0.2714285714285714, 6, 12, 0.39819770255801584, 0.006924478693507534, 36.64072810732447
0.2714285714285714, 6, 14, 0.3715090561454069, 0.005761986314611131, 149.19617490732836
0.2714285714285714, 6, 16, 0.3428511596792204, 0.004938157769653718, 332.8113481603816
0.2714285714285714, 6, 18, 0.3452118117316734, 0.004359225358521691, 365.1918118674003
0.2714285714285714, 8, 12, 0.3516260774804487, 0.013757775933469793, 13.676389587526787
0.2714285714285714, 8, 14, 0.3192382542836369, 0.010440244198565835, 72.8086248140227
0.2714285714285714, 8, 16, 0.27200389845862977, 0.008439532645553841, 219.76927272741034
0.2714285714285714, 8, 18, 0.2877928267302245, 0.007214245880938057, 260.32787263921085
0.2785714285714286, 2, 12, 0.5342321930268236, 0.0008906096408839525, 257.8503869181077
0.2785714285714286, 2, 14, 0.5249742756393977, 0.000812587513467039, 549.1082251338904
0.2785714285714286, 2, 16, 0.5197811213177296, 0.0007572202827124719, 562.6344329418476
0.2785714285714286, 2, 18, 0.5124889420187936, 0.0006956798346068056, 681.6662064942915
0.2785714285714286, 4, 12, 0.4534137815728273, 0.0025986813434217045, 73.07598013330998
0.2785714285714286, 4, 14, 0.4524770722034309, 0.002342196910646891, 104.4921553215155
0.2785714285714286, 4, 16, 0.44962727472357766, 0.0021786672140968917, 110.440191387982
0.2785714285714286, 4, 18, 0.4490846518468007, 0.002063981274330455, 95.89359011479546
0.2785714285714286, 6, 12, 0.3974480534237886, 0.005430662832533234, 29.639903227854496
0.2785714285714286, 6, 14, 0.40319551316603564, 0.0046924601919849825, 43.91005035728644
0.2785714285714286, 6, 16, 0.4033778206890097, 0.004247452246143334, 48.73272945647355
0.2785714285714286, 6, 18, 0.4085652606767181, 0.003918091052616806, 39.22651899476297
0.2785714285714286, 8, 12, 0.3557963535224594, 0.010210862690238997, 12.188089301824666
0.2785714285714286, 8, 14, 0.3695722352003602, 0.00818068018490631, 23.350710752703034
0.2785714285714286, 8, 16, 0.37448311512323734, 0.007050082461874827, 32.45583194154317
0.2785714285714286, 8, 18, 0.38987601205344274, 0.006236324209774344, 31.56760055829482
0.2857142857142857, 2, 12, 0.5199642379303927, 0.000642180072493745, 1847.7288322818436
0.2857142857142857, 2, 14, 0.5185106293547223, 0.0006164678830724279, 1863.1074366718212
0.2857142857142857, 2, 16, 0.5167951658802085, 0.0005957186350665169, 1839.8472193779573
0.2857142857142857, 2, 18, 0.5153304430484166, 0.0005762634673284201, 1744.6091335457681
0.2857142857142857, 4, 12, 0.4703100548285089, 0.0018719113620670053, 361.98324552811835
0.2857142857142857, 4, 14, 0.47027496548838554, 0.001719353395654731, 351.7161596002768
0.2857142857142857, 4, 16, 0.4680688983948814, 0.0016001466960867629, 331.45978018613505
0.2857142857142857, 4, 18, 0.46543566892830673, 0.001488240261952648, 222.57813067568873
0.2857142857142857, 6, 12, 0.42977321128175877, 0.0038330320784675216, 134.5226976488254
0.2857142857142857, 6, 14, 0.43532424461824876, 0.0033414180760615248, 134.49348253396676
0.2857142857142857, 6, 16, 0.4357870175166131, 0.0029746908550305094, 133.03934141284887
0.2857142857142857, 6, 18, 0.4339909922324434, 0.002639126655600985, 87.03344158345772
0.2857142857142857, 8, 12, 0.3894190794392501, 0.0072809329145940155, 60.584470113339606
0.2857142857142857, 8, 14, 0.4095479343807656, 0.005884089306954159, 66.68031203388213
0.2857142857142857, 8, 16, 0.4163685820096246, 0.004929489664926384, 74.03808312768695
0.2857142857142857, 8, 18, 0.41910101885397927, 0.004146866463889907, 52.94071089745145
0.29285714285714287, 2, 12, 0.519528207134473, 0.0005491114061787089, 1072.1289092905324
0.29285714285714287, 2, 14, 0.5160583074315643, 0.0005276405321643512, 1282.4745801422937
0.29285714285714287, 2, 16, 0.5129138106278956, 0.0005072570853183898, 1564.9182807945342
0.29285714285714287, 2, 18, 0.5095113214364687, 0.0004876717697254564, 1436.3900089806264
0.29285714285714287, 4, 12, 0.45953685986648685, 0.0016341098860682363, 213.69470903198965
0.29285714285714287, 4, 14, 0.45922945841703744, 0.0014844736922884159, 216.01106985700793
0.29285714285714287, 4, 16, 0.4555260339793352, 0.0013451326838888286, 174.20229068666708
0.29285714285714287, 4, 18, 0.4512662652244504, 0.0012607575060613872, 145.95204404509795
0.29285714285714287, 6, 12, 0.4216928645403149, 0.0033494280555608647, 88.09681459020392
0.29285714285714287, 6, 14, 0.42682990597282544, 0.0027783350028524646, 84.95197987357052
0.29285714285714287, 6, 16, 0.4234994975425443, 0.002332582869638636, 62.845169498392146
0.29285714285714287, 6, 18, 0.4207843309029301, 0.0021128111521641576, 89.04222895208348
0.29285714285714287, 8, 12, 0.3967253149850637, 0.0064038749415583195, 46.13332993161542
0.29285714285714287, 8, 14, 0.41215499618650187, 0.004710711771194613, 46.942983518761544
0.29285714285714287, 8, 16, 0.4119364302546165, 0.0036555728421643866, 37.64515274591185
0.29285714285714287, 8, 18, 0.4146178658882238, 0.0031345689998515088, 91.13793596940194
0.3, 2, 12, 0.5063912360635084, 0.0005170949672444097, 1188.3109969617894
0.3, 2, 14, 0.5037727593407202, 0.0004972141773518753, 1252.4631105334734
0.3, 2, 16, 0.5007326424107039, 0.00047955524611500625, 1295.3462295151328
0.3, 2, 18, 0.49797885812812137, 0.0004655455411983487, 1625.7008314773202
0.3, 4, 12, 0.45225385035176346, 0.0015030896847248424, 248.9442761233452
0.3, 4, 14, 0.45057759630338434, 0.001347654428382044, 234.1756979186466
0.3, 4, 16, 0.44542341367603244, 0.001222032774032981, 204.2782566431516
0.3, 4, 18, 0.44454352243952877, 0.0011529075574437987, 187.49326790685294
0.3, 6, 12, 0.41822972734548153, 0.0031129708706853975, 102.0222644380086
0.3, 6, 14, 0.4192750629728326, 0.00255125046596239, 91.70860253996975
0.3, 6, 16, 0.4136981739288475, 0.0021687330576833554, 75.20072779640813
0.3, 6, 18, 0.41643759413728637, 0.0019583923929242845, 67.61278259019355
0.3, 8, 12, 0.3943799896068396, 0.006100104871696808, 50.242950702421474
0.3, 8, 14, 0.4036316325114196, 0.004508611330448929, 46.96775574805385
0.3, 8, 16, 0.40117057561609004, 0.0035707237259406856, 38.07332132396244
0.3, 8, 18, 0.40908681466623414, 0.0030138513654333478, 39.08991528971828
0.30714285714285716, 2, 12, 0.5223356622026039, 0.0005900863225261971, 451.48238129422555
0.30714285714285716, 2, 14, 0.5210514469597877, 0.0005137374789669412, 448.7764524459204
0.30714285714285716, 2, 16, 0.5152008628534209, 0.0004889459868203816, 418.3720900515424
0.30714285714285716, 2, 18, 0.5126200495422509, 0.0004748782365679366, 537.6619489520476
0.30714285714285716, 4, 12, 0.44891010503072587, 0.001332513246775394, 124.68729291989001
0.30714285714285716, 4, 14, 0.4462487868116666, 0.001225407063925077, 107.66690308112737
0.30714285714285716, 4, 16, 0.4390029174250251, 0.0011417716682503277, 99.58229238388918
0.30714285714285716, 4, 18, 0.4381866211932554, 0.001083314351681213, 88.62549970397797
0.30714285714285716, 6, 12, 0.4069634188916329, 0.0026569952847456287, 37.01329196372021
0.30714285714285716, 6, 14, 0.4058754303021259, 0.0023349012565081345, 30.7629096906922
0.30714285714285716, 6, 16, 0.39527172383046705, 0.0020731922682233742, 62.95727278137135
0.30714285714285716, 6, 18, 0.39690516805757464, 0.0019132698099831253, 52.27347358213598
0.30714285714285716, 8, 12, 0.3849781580453805, 0.006125837533998714, 12.72445007153293
0.30714285714285716, 8, 14, 0.38532197568813914, 0.004752807296139833, 11.181618824167513
0.30714285714285716, 8, 16, 0.36283877005902926, 0.0037601041535497933, 30.59842505125965
0.30714285714285716, 8, 18, 0.36806148727041393, 0.0033092934875877515, 25.83071112182419
0.3142857142857143, 2, 12, 0.5191112277120526, 0.0005403877445681948, 80.40675729084481
0.3142857142857143, 2, 14, 0.5137194976802915, 0.000452445000130769, 154.3305244161429
0.3142857142857143, 2, 16, 0.5077748002971837, 0.00042682766789900646, 312.7137265272918
0.3142857142857143, 2, 18, 0.505678792236959, 0.000415552667173281, 516.1486668993323
0.3142857142857143, 4, 12, 0.46324324643528236, 0.0014779584541918364, 23.718632712236253
0.3142857142857143, 4, 14, 0.45507499250759154, 0.0012954633836162635, 46.58996379635202
0.3142857142857143, 4, 16, 0.4451163945566442, 0.0011846942749414403, 115.96935570749605
0.3142857142857143, 4, 18, 0.4434164994620376, 0.0011026443290272005, 88.8856991347271
0.3142857142857143, 6, 12, 0.42897369446013667, 0.003148974217918272, 6.776617995704984
0.3142857142857143, 6, 14, 0.4187035018994397, 0.002629985851623636, 19.53694310206752
0.3142857142857143, 6, 16, 0.4005370797467368, 0.002260833607228928, 83.64405370811043
0.3142857142857143, 6, 18, 0.40131719320798354, 0.002057087310942722, 62.392087140189226
0.3142857142857143, 8, 12, 0.40801840013109647, 0.006899474573831235, 1.8483803002225383
0.3142857142857143, 8, 14, 0.3916719078989084, 0.004998713702322156, 7.953130173580396
0.3142857142857143, 8, 16, 0.3627518341259825, 0.0038635072815837337, 39.11233762946549
0.3142857142857143, 8, 18, 0.36763149771937015, 0.0033960893530845387, 28.537701613811045
0.32142857142857145, 2, 12, 0.5049638703930975, 0.0004110733516651551, 129.94687956065908
0.32142857142857145, 2, 14, 0.5032249323696215, 0.0003873538044804959, 194.3006037957748
0.32142857142857145, 2, 16, 0.5000741670866946, 0.00037233757030026414, 282.8643912388231
0.32142857142857145, 2, 18, 0.4981706335796425, 0.0003637668418999095, 423.7983729826187
0.32142857142857145, 4, 12, 0.4514715779129136, 0.0009906992913094866, 28.065758973823772
0.32142857142857145, 4, 14, 0.4481978315431245, 0.000920229613158024, 30.2593123486189
0.32142857142857145, 4, 16, 0.44461617558585825, 0.0008674898554013112, 49.13162993802092
0.32142857142857145, 4, 18, 0.44293211958289014, 0.0008234391288419683, 29.31662649246621
0.32142857142857145, 6, 12, 0.4225280702417418, 0.001909732741699489, 4.177434973521192
0.32142857142857145, 6, 14, 0.4215137965259171, 0.0016522941309454612, 7.120917060846333
0.32142857142857145, 6, 16, 0.42047351632457064, 0.0014835352832258783, 34.142069171220044
0.32142857142857145, 6, 18, 0.42186491170596174, 0.0013525922808226053, 43.13485822736849
0.32142857142857145, 8, 12, 0.4018561694286181, 0.004897575196327832, 1.281028077079521
0.32142857142857145, 8, 14, 0.400214718537595, 0.003981209456257753, 2.539849018977159
0.32142857142857145, 8, 16, 0.39204222474126754, 0.003411548712270492, 19.43746276005523
0.32142857142857145, 8, 18, 0.3917000104717744, 0.0030403004550044817, 19.00618964885837
0.32857142857142857, 2, 12, 0.48617893516440924, 0.0003513705735346974, 62.0459522683309
0.32857142857142857, 2, 14, 0.4838114156794068, 0.00033930459229783016, 92.2018664771083
0.32857142857142857, 2, 16, 0.4808761519601629, 0.00032941153568790554, 145.52855391131092
0.32857142857142857, 2, 18, 0.4784393208757061, 0.0003218870838535545, 239.37907240784622
0.32857142857142857, 4, 12, 0.4389861366734677, 0.0008374696668525439, 11.2168694318826
0.32857142857142857, 4, 14, 0.4363023707727917, 0.0007687926433523777, 15.40027868855393
0.32857142857142857, 4, 16, 0.43421819061841604, 0.0007148812299846123, 47.083463645407996
0.32857142857142857, 4, 18, 0.43400386078117364, 0.0006671052226217659, 57.34356411279374
0.32857142857142857, 6, 12, 0.40895095846828344, 0.002064003972016219, 3.1027654878525093
0.32857142857142857, 6, 14, 0.4071047937081352, 0.0018081884088014862, 5.8607802540965155
0.32857142857142857, 6, 16, 0.4043196508260973, 0.0016345564698900296, 28.60860247082279
0.32857142857142857, 6, 18, 0.4044921059652712, 0.0015079619362801124, 39.09038441951933
0.32857142857142857, 8, 12, 0.3884015555510409, 0.00478699632943744, 1.078125670843466
0.32857142857142857, 8, 14, 0.387083267203828, 0.0038816739802570196, 2.146607297674528
0.32857142857142857, 8, 16, 0.37991247893186997, 0.003326609623591606, 16.91354926209448
0.32857142857142857, 8, 18, 0.37962496743208185, 0.0029739691024621017, 18.88128014696239
0.3357142857142857, 2, 12, 0.4770483788499767, 0.0003333712319292734, 71.96563759502695
0.3357142857142857, 2, 14, 0.47476973323938576, 0.00032185546778388104, 111.13407299311791
0.3357142857142857, 2, 16, 0.4718464391443844, 0.0003121291672802961, 228.3664658827184
0.3357142857142857, 2, 18, 0.4695264030437494, 0.000305203599385746, 352.1000410678996
0.3357142857142857, 4, 12, 0.429244014142984, 0.0011106965194899367, 19.03805140660599
0.3357142857142857, 4, 14, 0.42506310609282083, 0.0010068608027757441, 22.60903802798537
0.3357142857142857, 4, 16, 0.41996033078559547, 0.0009357920433589946, 43.08409600776504
0.3357142857142857, 4, 18, 0.41727093101584506, 0.0008840640978264598, 34.74219251854177
0.3357142857142857, 6, 12, 0.3963125491197866, 0.0023077172915728847, 6.677470063157511
0.3357142857142857, 6, 14, 0.39344991696460574, 0.002012311522413429, 7.067276661689055
0.3357142857142857, 6, 16, 0.3883695346150511, 0.0018085271424014163, 19.14478022259061
0.3357142857142857, 6, 18, 0.38705822670174017, 0.0016652276949558834, 21.28834457361658
0.3357142857142857, 8, 12, 0.37716232215206075, 0.004457792469646933, 1.6572321302158803
0.3357142857142857, 8, 14, 0.3766050852084076, 0.0035914877539282154, 2.611061870947611
0.3357142857142857, 8, 16, 0.3717453081747926, 0.003076562669793897, 15.830726756783458
0.3357142857142857, 8, 18, 0.37209014217489217, 0.0027460837771188713, 19.05017303957743
0.34285714285714286, 2, 12, 0.46827671118680886, 0.0003595331661753124, 82.08241356488432
0.34285714285714286, 2, 14, 0.4662799400749234, 0.0003425906130990353, 113.68438778452186
0.34285714285714286, 2, 16, 0.46337612400618655, 0.00032900048474750936, 199.55373856851523
0.34285714285714286, 2, 18, 0.4617295603629513, 0.00032174451522323674, 394.82563045358654
0.34285714285714286, 4, 12, 0.4222420695427223, 0.0011469081567820189, 22.799898954610857
0.34285714285714286, 4, 14, 0.4177903425640863, 0.0010174401964011736, 23.510585626000115
0.34285714285714286, 4, 16, 0.4121569744979624, 0.0009333142219291063, 38.60518910686919
0.34285714285714286, 4, 18, 0.4099234786170866, 0.0008802087970765511, 17.70735493953231
0.34285714285714286, 6, 12, 0.3891553392549466, 0.0023070238018982857, 7.876033361411922
0.34285714285714286, 6, 14, 0.3863293064019213, 0.0020050445710193994, 7.29028825370421
0.34285714285714286, 6, 16, 0.3812071983558007, 0.001793294322777634, 16.50124515541229
0.34285714285714286, 6, 18, 0.38023563592760584, 0.0016505222769913094, 11.150699953493127
0.34285714285714286, 8, 12, 0.3705815106847187, 0.004368644405083413, 1.7557476807413712
0.34285714285714286, 8, 14, 0.37009826509630583, 0.003517526686152516, 2.456904392215087
0.34285714285714286, 8, 16, 0.3655805747776182, 0.0030007755164445093, 13.615177021891451
0.34285714285714286, 8, 18, 0.3664870365428993, 0.0026786575874812543, 13.818227659201485
0.35, 2, 12, 0.45750613804290147, 0.00034283219864378474, 75.1715731905024
0.35, 2, 14, 0.45564978177154347, 0.00032727228410279465, 99.44664251167399
0.35, 2, 16, 0.4529820363660106, 0.0003145317353872233, 156.83889194863792
0.35, 2, 18, 0.45139255537958173, 0.00030755809712499336, 292.97580812872735
0.35, 4, 12, 0.41349483802941045, 0.0010997910823035604, 21.44046700103532
0.35, 4, 14, 0.40936705286151315, 0.0009781526130597583, 20.60273613617209
0.35, 4, 16, 0.40403392024905427, 0.0008970325871293119, 32.32299472142941
0.35, 4, 18, 0.40159575757820726, 0.0008453698125774453, 20.24532659039714
0.35, 6, 12, 0.38149601717483084, 0.002252039888106649, 7.8969592982215016
0.35, 6, 14, 0.3788349572814448, 0.001954996989687342, 6.857381750890034
0.35, 6, 16, 0.3738623590344421, 0.0017463911700659055, 14.67514973592506
0.35, 6, 18, 0.3726106649480554, 0.0016062150017837602, 13.190133931565942
0.35, 8, 12, 0.36292133584854447, 0.004284448366847859, 1.935062250509131
0.35, 8, 14, 0.3624759940769707, 0.003452252475692403, 2.3077404330918623
0.35, 8, 16, 0.35787982153809766, 0.0029428106162157023, 11.639044758200075
0.35, 8, 18, 0.3584463040318697, 0.0026278883603496023, 13.146815216699418
