# Hubbard model DMRG. nmax=3, μ0=0.0.
# L; J; E; deltaE_g^+; deltaE_g^-; nVariance; Γ [calculated 2025-02-06T12:59:07.776]
10; 0.0; 0.0; 1.0; 0.0; [0.0, 0.0, 0.0, 0.0, 0.0, 0.0, 0.0, 0.0, 0.0, 0.0]; [0.0, 0.0]
10; 0.025; -0.022481195085000127; 0.9052626859638809; 0.044754236422152274; [0.0024948162481825964, 0.004977142044195748, 0.00499041633907682, 0.0049905494396425, 0.004990551179729463, 0.00499055117972258, 0.00499054943948174, 0.004990416338654269, 0.004977142043975702, 0.002494816248035381]; [0.01120827261603174, 0.00017406985112249193]
10; 0.05; -0.08969648425043708; 0.8129434481574173; 0.08437098746727192; [0.009918176605659412, 0.019637032567091595, 0.01983706731651136, 0.01984485461109209, 0.019845250727282604, 0.01984525072739385, 0.019844854611377416, 0.019837067316727852, 0.01963703256728011, 0.009918176605750229]; [0.044329408343326236, 0.002705547336518799]
10; 0.075; -0.2009412080623063; 0.7243451756378452; 0.11725977519121983; [0.022094181519287326, 0.04318486561146062, 0.04410098747696867, 0.04417721598284863, 0.044185472049272034, 0.04418547204177714, 0.04417721596523383, 0.044100987467564634, 0.0431848656022662, 0.02209418151743392]; [0.09782862099910537, 0.013032210145552113]
10; 0.1; -0.35497538096589176; 0.6404207084722834; 0.1430243480263203; [0.03874849829783489, 0.07435715160127843, 0.07687184706780847, 0.07721659416420645, 0.07727719660443988, 0.07727719660930887, 0.0772165941638554, 0.07687184705742145, 0.07435715157791734, 0.03874849827767346]; [0.1690510744957265, 0.03830331134445745]
10; 0.125; -0.5499283764083853; 0.5623009620823884; 0.1609020331140496; [0.05951872981623785, 0.11149908978130063, 0.11661332282845516, 0.11759840887132422, 0.11783554948576636, 0.11783554946634744, 0.11759840890496198, 0.11661332285100334, 0.11149908978222323, 0.059518729819332594]; [0.25400485642283194, 0.0846506357431914]
10; 0.15; -0.7831792410467893; 0.49102294071037617; 0.17021319920622635; [0.08393420448657007, 0.1526442669064727, 0.16110157175581308, 0.1631353648077376, 0.16372984002267144, 0.16372984001872815, 0.16313536479837598, 0.1611015717560833, 0.1526442668991268, 0.08393420446888589]; [0.34702458637693057, 0.1538310204470906]
10; 0.175; -1.0512536157082137; 0.4271910243779178; 0.17067123139436746; [0.11132103811059357, 0.19557134006786514, 0.20751332792496746, 0.21077224872553857, 0.21183350774460052, 0.21183350774270515, 0.21077224869840006, 0.2075133279431549, 0.19557134006591603, 0.11132103812664929]; [0.44079583000334216, 0.24067257300493997]
10; 0.2; -1.3498456316214935; 0.3706508450438373; 0.16266408877184313; [0.14062796736765315, 0.23790626949158677, 0.2527862739455773, 0.2570564984828345, 0.2585171560676618, 0.25851715608538184, 0.2570564985248074, 0.2527862739383129, 0.23790626960464412, 0.14062796731956695]; [0.5276923481608037, 0.33403839293450627]
10; 0.225; -1.6741130492584926; 0.32044244304864367; 0.14728789253910857; [0.17038602836199213, 0.27747771280245237, 0.2943495777360017, 0.2991600512753423, 0.30082383696981996, 0.30082383722218653, 0.29916005179546046, 0.29434957834392206, 0.27747771290713685, 0.1703860272544404]; [0.6022983000129477, 0.4220964376866377]
10; 0.25; -2.019229463134277; 0.2751313721491562; 0.12604339570891288; [0.199042743616757, 0.31284690363561096, 0.330813104907522, 0.3357065738069076, 0.3373776551582035, 0.3373776553525014, 0.3357065742492691, 0.3308131051004142, 0.31284690354306943, 0.19904274286168588]; [0.6629614867243189, 0.4976189523650357]
10; 0.275; -2.3809147103889527; 0.2332654023477474; 0.10041981604201222; [0.22543071728943853, 0.3435307030481045, 0.3620152581310774, 0.36670596674581457, 0.36826371379175726, 0.36826371429804006, 0.3667059680652429, 0.36201525893991193, 0.3435307030836141, 0.225430715906193]; [0.7110268152626552, 0.5589486060693611]
10; 0.3; -2.755692273423885; 0.19366212076707345; 0.07163591026757654; [0.24895823220905844, 0.3697657657914881, 0.38853446225946353, 0.392909762262849, 0.3943079040311328, 0.39430790636894275, 0.3929097682204201, 0.388534467745153, 0.369765766098217, 0.24895822801272927]; [0.749040727557371, 0.6077357122874002]
10; 0.325; -3.1408783081991567; 0.1554756396347936; 0.04058485901626385; [0.26950342167367414, 0.3921269596883743, 0.41118275425126916, 0.4152400588624987, 0.41647726778561767, 0.4164772690590408, 0.41524006198239194, 0.4111827565329287, 0.39212696037044026, 0.26950341969262226]; [0.7794896993641764, 0.6466106202934465]
10; 0.35; -3.534441926933921; 0.11814372862317502; 0.00788750321494236; [0.28722073568645, 0.4112564941085062, 0.43072642675846673, 0.43451435551377515, 0.4356086802193724, 0.4356086847127336, 0.4345143671409717, 0.4307264380415483, 0.41125649628915406, 0.2872207313495364]; [0.8043414089954304, 0.6780027315670069]
20; 0.0; 0.0; 1.0; 0.0; [0.0, 0.0, 0.0, 0.0, 0.0, 0.0, 0.0, 0.0, 0.0, 0.0, 0.0, 0.0, 0.0, 0.0, 0.0, 0.0, 0.0, 0.0, 0.0, 0.0]; [0.0, 0.0, 0.0, 0.0, 0.0]
20; 0.025; -0.047465496293924936; 0.903673752989419; 0.04461566788026812; [0.002494816248185039, 0.004977142044196192, 0.004990416339079484, 0.004990549439649605, 0.0049905511801384694, 0.004990551205748872, 0.004990551206150773, 0.004990551206156546, 0.004990551206157434, 0.004990551206156546, 0.004990551206156768, 0.004990551206156102, 0.004990551206154992, 0.0049905512061492185, 0.004990551205747762, 0.0049905511801291436, 0.004990549439488845, 0.004990416338654935, 0.004977142043976146, 0.002494816248036269]; [0.011208272663061503, 0.00017406995715576944, 2.966282405627335e-6, 5.136409565318125e-8, 8.914399178696118e-10]
20; 0.05; -0.18944176106847355; 0.8068739934657718; 0.08698243251010501; [0.009918176605695161, 0.019637032567551005, 0.019837067323154045, 0.019844854709967885, 0.019845252247228995, 0.019845275188508538, 0.019845276609653517, 0.01984527670190328, 0.019845276708089665, 0.019845276708512438, 0.01984527670851377, 0.019845276708090775, 0.0198452767019055, 0.019845276609671725, 0.019845275188602907, 0.01984525224743483, 0.01984485471027342, 0.019837067323373647, 0.019637032567737966, 0.009918176605782869]; [0.04432945446333075, 0.002705640632216207, 0.00018521466441365103, 1.329013759303663e-5, 9.726525382676563e-7]
20; 0.075; -0.4246217916041979; 0.7133366182876032; 0.12311332669322927; [0.022094181594685236, 0.04318486611659034, 0.044100990872058654, 0.044177239210610564, 0.04418563607623871, 0.0441866846819694, 0.0441868254760962, 0.044186845305659084, 0.04418684819337382, 0.044186848614790275, 0.04418684861471123, 0.04418684819297858, 0.044186845304250655, 0.0441868254715454, 0.044186684671771115, 0.044185636058675426, 0.04417723918807548, 0.04410099086104635, 0.043184866107069286, 0.022094181592784645]; [0.09783107809986513, 0.013037234134383366, 0.0019455726370504545, 0.00030476939226175897, 4.878844259357769e-5]
20; 0.1; -0.7506734527495018; 0.623756932774614; 0.15268308866593283; [0.03874851310922578, 0.074357210268015, 0.07687208199001527, 0.07721754593528463, 0.07728116626490489, 0.07729451431054546, 0.07729753215524515, 0.07729824885412517, 0.07729842447649382, 0.07729846604191826, 0.07729846603939983, 0.07729842446745039, 0.07729824883338754, 0.07729753214710322, 0.07729451429156087, 0.07728116625085835, 0.07721754593574559, 0.07687208198360085, 0.07435721024204667, 0.03874851308781746]; [0.1690892930479867, 0.03838324478751774, 0.009726301963090288, 0.0025914047821936864, 0.0007097776969045292]
20; 0.125; -1.164014090153736; 0.5392857696904567; 0.17468968552592234; [0.059519414020724914, 0.11150092291335789, 0.11661840304473658, 0.1176125718274239, 0.11787599289173678, 0.11795601745512885, 0.11798229083846135, 0.11799135235466673, 0.11799454470808923, 0.117995573112474, 0.11799557312149411, 0.1179945447304005, 0.11799135238625813, 0.11798229088080747, 0.11795601749653639, 0.11787599288911044, 0.11761257187057206, 0.11661840306888505, 0.1115009229203272, 0.05951941404211347]; [0.254294122602058, 0.0852726607207338, 0.03178275925246668, 0.012432240486241747, 0.0049970661351073]
20; 0.15; -1.6595174210861656; 0.4612106452312976; 0.18791068069109085; [0.08394610256991075, 0.15266758817152004, 0.16115082129176095, 0.1632400501657929, 0.16395673594086002, 0.16424076851356184, 0.1643626968053582, 0.16441745146570796, 0.16444206686797846, 0.1644516225556778, 0.16445162257089718, 0.16444206691825536, 0.16441745154253828, 0.16436269687765548, 0.16424076860032177, 0.16395673599814597, 0.16324005022190557, 0.1611508213475421, 0.15266758822323934, 0.08394610262296698]; [0.3483306829974611, 0.15675089927989433, 0.07793602547994609, 0.040538375130550156, 0.021600186645361074]
20; 0.175; -2.2302065665380675; 0.3908567273879173; 0.191494228102552; [0.11142019938429348, 0.1957204873522107, 0.20776931839912693, 0.21121902240459378, 0.2126282967715729, 0.2132983118658609, 0.21364306550706114, 0.21382684364555504, 0.21392258776490714, 0.2139637823952809, 0.21396378236359093, 0.2139225876767703, 0.2138268439030313, 0.2136430656215107, 0.21329831193385695, 0.21262829706448816, 0.21121902274031124, 0.20776931865447357, 0.19572048753556137, 0.11142019957616656]; [0.4446085005031772, 0.24965962281091522, 0.15363779493968652, 0.09840586549827222, 0.06425241882193966]
20; 0.2; -2.8670666125500066; 0.32915136353651064; 0.18488829398648932; [0.14108148604300275, 0.23844447748580921, 0.2535700954942446, 0.2582418624509908, 0.2603559116216734, 0.26147595463415896, 0.26211590154824504, 0.2624907082728529, 0.2627013472209341, 0.2627965871844178, 0.2627965876765206, 0.26270134769366704, 0.2624907089259554, 0.2621159036733758, 0.26147595515711153, 0.2603559100470496, 0.2582418601074772, 0.2535700911057963, 0.23844447618089393, 0.14108148362667006]; [0.5350952886428589, 0.3528285082232291, 0.2524595880368313, 0.18680731204172546, 0.14014683249924337]
20; 0.225; -3.5592988266139405; 0.2757414437883141; 0.16873161776024137; [0.17164104395764046, 0.27866744787738096, 0.29586103694118404, 0.30121933544148893, 0.303742057521436, 0.3051433587747492, 0.3059809949782992, 0.30649124762134483, 0.306786767155137, 0.30692295121054247, 0.3069229345828046, 0.3067867358604701, 0.30649121599765206, 0.3059810438865582, 0.30514339984238004, 0.3037420338399972, 0.3012192652425205, 0.29586092409549725, 0.2786673976196352, 0.17164090158448442]; [0.6120976873137033, 0.4498573977672339, 0.3552896878986224, 0.28848468183998344, 0.23651111724876622]
20; 0.25; -4.295478334361013; 0.22882844108886946; 0.14496235572479677; [0.20138916757573389, 0.3146174724653177, 0.3328040101123202, 0.3382193369514095, 0.3407503384276176, 0.34216601085201614, 0.3430194594125471, 0.34354338791286465, 0.34384881716238147, 0.34399020599485186, 0.34399021192563395, 0.34384889983814104, 0.3435435064919352, 0.34301954476192686, 0.34216606778775827, 0.3407505636081005, 0.33821934500725703, 0.33280392571770046, 0.31461722237973055, 0.20138837559720268]; [0.6721587794438492, 0.5287751972311543, 0.4434661861063155, 0.38083420694938314, 0.3294902583834645]
20; 0.275; -5.065322970431807; 0.18609951602592112; 0.11593541781830297; [0.2287643132131284, 0.34548274951610436, 0.3639580878013402, 0.3690238294687118, 0.371306235546911, 0.37256546432122595, 0.37331952124224066, 0.37377959481188405, 0.3740464950825262, 0.37417015742553206, 0.3741702220314569, 0.3740472093548235, 0.3737803044968806, 0.37332061795781346, 0.372567502194018, 0.3713082116899309, 0.3690249916656978, 0.36395877259426523, 0.3454827625099395, 0.22876239153626787]; [0.7171295338971048, 0.5879125012766044, 0.5107988116536978, 0.45334652912633083, 0.40502479138060626]
20; 0.3; -5.860792839738317; 0.14569495943770594; 0.0835381417496297; [0.2529099668570408, 0.37144508971756074, 0.3899724939401905, 0.3945602807009789, 0.396520720825545, 0.3975820747066736, 0.39820755348867864, 0.3985858561977682, 0.39880419677666246, 0.39890496092885863, 0.398905480286611, 0.39880534399929224, 0.39858731192490415, 0.39820908917504005, 0.39758362297535377, 0.39652417442946164, 0.3945630535670954, 0.3899738972612039, 0.3714450100904354, 0.252905734386802]; [0.7510177381088147, 0.6316121655617064, 0.5604985961161939, 0.5073667406191984, 0.4622239946082494]
20; 0.325; -6.676057627029145; 0.10645031760181389; 0.0489871654023224; [0.27363748554829515, 0.39318422861896907, 0.4118485207766369, 0.41600037210576835, 0.4176666570152394, 0.41855028738636313, 0.4190652357296367, 0.4193740409304014, 0.4195516053785129, 0.41963339282196577, 0.4196339500171926, 0.41955330314398065, 0.4193766018085805, 0.4190680904747446, 0.41855348792187486, 0.4176716705105512, 0.4160047003148799, 0.41185124919922456, 0.39318525413746674, 0.2736340974239375]; [0.7773121993960858, 0.664704477443883, 0.5977619018020497, 0.547818274253242, 0.5052808417249312]
20; 0.35; -7.506956528087288; 0.06772024187212988; 0.013004470992580508; [0.29113927759773117, 0.4114641904858283, 0.43050051598463734, 0.43432181616325516, 0.43575427370046604, 0.4365004544298694, 0.43693185368376475, 0.4371889662018418, 0.43733658500507766, 0.43740445354038826, 0.43740562174076913, 0.4373395529731998, 0.43719370952829695, 0.4369375026478448, 0.436507495677515, 0.4357637258433078, 0.43433144195213935, 0.4305072601015947, 0.4114679899975815, 0.29113377602786883]; [0.7983769547007094, 0.6906529780770739, 0.6266312278552952, 0.5789728599239925, 0.5384038689019495]
30; 0.0; 0.0; 1.0; 0.0; [0.0, 0.0, 0.0, 0.0, 0.0, 0.0, 0.0, 0.0, 0.0, 0.0, 0.0, 0.0, 0.0, 0.0, 0.0, 0.0, 0.0, 0.0, 0.0, 0.0, 0.0, 0.0, 0.0, 0.0, 0.0, 0.0, 0.0, 0.0, 0.0, 0.0]; [0.0, 0.0, 0.0, 0.0, 0.0, 0.0, 0.0]
30; 0.025; -0.07244979750285063; 0.9039988669388985; 0.04460712490238672; [0.002494816248184817, 0.004977142044194194, 0.00499041633907904, 0.004990549439646275, 0.004990551180132474, 0.004990551205744875, 0.004990551206146776, 0.0049905512061538815, 0.0049905512061538815, 0.004990551206154548, 0.004990551206154326, 0.004990551206154548, 0.00499055120615477, 0.00499055120615477, 0.00499055120615477, 0.004990551206155214, 0.004990551206155436, 0.004990551206155214, 0.004990551206155436, 0.004990551206155436, 0.00499055120615477, 0.00499055120615477, 0.004990551206153437, 0.00499055120614722, 0.0049905512057457635, 0.004990551180127589, 0.004990549439487513, 0.004990416338653381, 0.00497714204397437, 0.0024948162480344926]; [0.011208272663061507, 0.0001740699571557696, 2.9662824056274895e-6, 5.136409565334568e-8, 8.914399180462709e-10, 1.5473948958457252e-11, 2.6858295858085647e-13]
30; 0.05; -0.28918703788651046; 0.8074624503398684; 0.08664272888517233; [0.009918176605694273, 0.019637032567549673, 0.019837067323153157, 0.01984485470996744, 0.019845252247230105, 0.01984527518850676, 0.01984527660965174, 0.019845276701902614, 0.019845276708091886, 0.01984527670851599, 0.019845276708546855, 0.0198452767085473, 0.01984527670854752, 0.0198452767085473, 0.019845276708547965, 0.01984527670854752, 0.01984527670854863, 0.019845276708548854, 0.019845276708547077, 0.019845276708543746, 0.019845276708516435, 0.01984527670809122, 0.01984527670190661, 0.019845276609671947, 0.01984527518860313, 0.019845252247435052, 0.01984485471027364, 0.019837067323373425, 0.01963703256773819, 0.009918176605783091]; [0.044329454463388866, 0.0027056406323243093, 0.00018521466458770389, 1.3290137822951898e-5, 9.726528038342025e-7, 7.175364719393212e-8, 5.309916518229999e-9]
30; 0.075; -0.6483023751479884; 0.7130144605581952; 0.12295574088909034; [0.022094181594679574, 0.04318486611658412, 0.04410099087205399, 0.0441772392106099, 0.044185636076237156, 0.044186684681974286, 0.044186825476138614, 0.04418684530594885, 0.044186848195244544, 0.044186848626800446, 0.04418684869245193, 0.0441868487025705, 0.04418684870414746, 0.04418684870439438, 0.04418684870443168, 0.04418684870443146, 0.04418684870439349, 0.044186848704145465, 0.044186848702567616, 0.04418684869242573, 0.044186848626697195, 0.04418684819484531, 0.044186845304538425, 0.04418682547158714, 0.04418668467177289, 0.04418563605867254, 0.04417723918807326, 0.04410099086104213, 0.043184866107065956, 0.022094181592781315]; [0.09783107825345487, 0.013037234422169981, 0.0019455730803491502, 0.0003047700048249193, 4.8789171198293955e-5, 7.883906778493644e-6, 1.2789927629561913e-6]
30; 0.1; -1.1463715252505926; 0.6213243410873122; 0.15304822753241143; [0.03874851310925398, 0.07435721026813624, 0.07687208199047535, 0.07721754593695684, 0.07728116627096004, 0.07729451433255141, 0.07729753223565194, 0.0772982491499219, 0.07729842557395128, 0.07729847015586833, 0.07729848165586395, 0.07729848467120126, 0.0772984854720844, 0.07729848568607567, 0.07729848574000742, 0.077298485739973, 0.07729848568594555, 0.07729848547175888, 0.07729848467042832, 0.07729848165402142, 0.07729847015150959, 0.07729842556413513, 0.07729824912885408, 0.07729753222736946, 0.07729451431351109, 0.07728116625689108, 0.0772175459374087, 0.07687208198405893, 0.07435721024217057, 0.03874851308785088]; [0.1690893271680116, 0.03838331118939458, 0.009726393990010875, 0.00259152917487936, 0.0007099416689770711, 0.00019765575302592035, 5.55507249675641e-5]
30; 0.125; -1.7780998610295735; 0.5343177046151508; 0.17747464531497203; [0.05951941409302319, 0.11150092309492954, 0.11661840350616659, 0.1176125729778954, 0.11787599574137642, 0.11795602451884735, 0.11798230842699198, 0.11799139644965995, 0.11799465621824323, 0.11799585809662627, 0.11799631080018491, 0.11799648418650932, 0.11799655133422537, 0.11799657715806133, 0.11799658598691098, 0.1179965859883203, 0.1179965771626521, 0.11799655134305431, 0.11799648420120912, 0.11799631082255946, 0.11799585812793234, 0.11799465625472938, 0.11799139648960066, 0.1179823084740037, 0.11795602456268828, 0.11787599573992713, 0.1176125730215305, 0.11661840353050956, 0.11150092310197435, 0.05951941411444028]; [0.2542958979977964, 0.08527622881521832, 0.03178795619743349, 0.012438986895358491, 0.005005675272510108, 0.002050900695882753, 0.0008503392220273301]
30; 0.15; -2.535857212963983; 0.4535399465233123; 0.19268430573036222; [0.08394612353621644, 0.15266762677271783, 0.1611508963597177, 0.16324019346161722, 0.1639570065150473, 0.16424127769026375, 0.16436365617180781, 0.16441926777605964, 0.16444553119447036, 0.1644582953231486, 0.16446463386390842, 0.16446782815891847, 0.16446944224086169, 0.16447023238019054, 0.1644705558993529, 0.1644705558688817, 0.16447023228226065, 0.16446944225347937, 0.1644678280903391, 0.1644646338544684, 0.16445829532112222, 0.1644455312958779, 0.1644192678534675, 0.16436365623999172, 0.16424127780215114, 0.16395700664160096, 0.16324019354634767, 0.1611508963872641, 0.15266762681868284, 0.083946123582192]; [0.34836419609695873, 0.15682175952921987, 0.07804065741946209, 0.04067744125515878, 0.021775949059752556, 0.011860915099387522, 0.006538290192810234]
30; 0.175; -3.4091803200262483; 0.3803956177199428; 0.19828107972016173; [0.11142153755447637, 0.1957223817809952, 0.20777232716174532, 0.21122376039918733, 0.21263568716524506, 0.21330976809457436, 0.21366078274689793, 0.21385430641065106, 0.2139653813157596, 0.2140309916623131, 0.2140705038605868, 0.2140944866431691, 0.21410888112054582, 0.214117016905498, 0.21412068790972105, 0.21412069540357637, 0.21411702721211956, 0.21410890080337186, 0.21409450705062638, 0.2140705258790927, 0.21403100120628893, 0.2139653856077799, 0.21385430528533433, 0.2136607849215666, 0.21330978555476343, 0.21263569090637224, 0.21122376481702942, 0.20777232411961255, 0.19572238138832998, 0.1114215376639669]; [0.44488722371841727, 0.25028705243079447, 0.154591549262363, 0.09968856971033598, 0.06588773370171501, 0.04423349615696685, 0.030001439057059837]
30; 0.2; -4.384424171205201; 0.31612556715288864; 0.19307697263581236; [0.1411058029966985, 0.23847148780813288, 0.25360685671014904, 0.25829177644052037, 0.2604255681183758, 0.26156831028983274, 0.2622413330553872, 0.2626611265455281, 0.26293349187622517, 0.2631151180430582, 0.2632377887474875, 0.263320538713981, 0.2633749744178664, 0.26340819943509164, 0.2634241128283592, 0.2634238838403662, 0.26340788363554846, 0.26337499374084894, 0.26332024964939604, 0.2632372123268403, 0.26311418746956816, 0.26293230867390216, 0.26265965716514117, 0.26223991355379117, 0.26156710115770454, 0.26042289368354465, 0.2582909325638525, 0.2536060314736148, 0.23847103018957072, 0.14110525916220562]; [0.5361870932242402, 0.3554900565805409, 0.2566576278954774, 0.19257878739285728, 0.14761035196751682, 0.11458573415425703, 0.08959201223776336]
30; 0.225; -5.444960932938609; 0.2610355222089007; 0.1771979145463547; [0.17179551635500834, 0.2788015866369591, 0.296019560085915, 0.30140975391827407, 0.3039775339139841, 0.3054337518825876, 0.3063440348888926, 0.30694857955565946, 0.3073658201815497, 0.30766179454535325, 0.30786759460798563, 0.30801671502058303, 0.3081176237522416, 0.30818085070771306, 0.30821174256916395, 0.3082120014944598, 0.3081820197332561, 0.3081185141259135, 0.308017258278525, 0.3078689296716115, 0.3076598121452041, 0.30736628514948716, 0.30695016853206636, 0.30634693676161784, 0.30543540752093357, 0.3039754514568507, 0.3014073970069142, 0.29601613287685513, 0.2787994438707724, 0.17179037217318638]; [0.6141790456081636, 0.4555723030148206, 0.36476612624758703, 0.30195185161739463, 0.2543648246612998, 0.21632923095274073, 0.18480808145096145]
30; 0.25; -6.572690406123574; 0.21346194236986182; 0.15257084599945614; [0.2018328323404962, 0.3149105474341727, 0.33309927173291864, 0.3385327679460448, 0.34111023826871123, 0.3425829211920559, 0.3435194777845021, 0.34414976314293355, 0.34459262819092995, 0.3449082785775208, 0.3451380832221902, 0.34530097094746615, 0.3454152180430745, 0.3454877688061706, 0.34552230190813615, 0.3455253861242338, 0.34549169000671154, 0.3454218711860322, 0.3453100614925304, 0.3451482719054695, 0.34492153489307453, 0.34460650765809486, 0.34416592617981756, 0.34353659012863846, 0.3426008102619371, 0.3411200225262534, 0.33853855951256384, 0.33310094913497057, 0.31490545821459204, 0.20181003790127416]; [0.6741689917366924, 0.5357604837265645, 0.45590840126437554, 0.399340013151368, 0.3549162726945687, 0.3177966000002086, 0.28542788853410983]
30; 0.275; -7.751035578931431; 0.17058302723960317; 0.12211539992085996; [0.22953532265678267, 0.3458466025615252, 0.36425752899562447, 0.3692989796725066, 0.37160074827366274, 0.37289380397002625, 0.3737061868092235, 0.3742532674378134, 0.37463214433346836, 0.3749000279030852, 0.3750944228397297, 0.37523624138210554, 0.37533386450576733, 0.3753971906084945, 0.37542851730807203, 0.3754313101349478, 0.37540440672663, 0.37534679946739957, 0.37525357348504373, 0.37511812398351485, 0.37492575422269114, 0.374661519642445, 0.37428403297637547, 0.3737419931565489, 0.37292847694129927, 0.3716264409447534, 0.369320855640477, 0.36427431880970595, 0.34585054144944594, 0.22950069383388527]; [0.7179788999744314, 0.5938191852166663, 0.5225562023319524, 0.47192115196882595, 0.4317132506399054, 0.3975093197995884, 0.36697034864808264]
30; 0.3; -8.967225270013468; 0.13004809898235337; 0.08819867164650752; [0.2539017736496735, 0.371720355628812, 0.39010487764756085, 0.39462346426578754, 0.39656850759737683, 0.3976376081028927, 0.39829511144142793, 0.39873366569012036, 0.39903215974508743, 0.3992452916206697, 0.39939758691675853, 0.3995077594112719, 0.39958612818508876, 0.3996364072890455, 0.3996634476488381, 0.39966840542097226, 0.3996506866807641, 0.3996107664886648, 0.3995408131238043, 0.39943781729307304, 0.3992933892544879, 0.3990893416853831, 0.3987933676892095, 0.3983640436549092, 0.3977078197330759, 0.39663514129107047, 0.3946811288258454, 0.39015601686504886, 0.37174222654398514, 0.2538525465230491]; [0.7503359786099653, 0.6354270957622298, 0.5697369577602126, 0.5231842655531711, 0.48616421699989903, 0.45452229810155675, 0.4260203462449178]
30; 0.325; -10.21230008487164; 0.09050338895761101; 0.0522301417547375; [0.27473501126645505, 0.3932630822039558, 0.411731149889788, 0.41579017346759173, 0.4174150986583638, 0.41828779011657535, 0.4188140598045449, 0.4191606523590994, 0.41939555118611316, 0.41956469142775665, 0.41968112073797625, 0.4197678090628736, 0.4198293134893769, 0.4198690553677875, 0.41989152063414403, 0.41989938291634, 0.41988974938264145, 0.4198623674399602, 0.4198138949780008, 0.4197408893295984, 0.4196318679311979, 0.4194761859229539, 0.41924918947630885, 0.41891031046366267, 0.4183798192278607, 0.41750673783243, 0.41586716402238477, 0.41180448062861763, 0.39329354740131683, 0.2746550273386248]; [0.7751895837646088, 0.6664711739686712, 0.6043538289429204, 0.5604584269059045, 0.5256154483652188, 0.49583040324588723, 0.468957871608969]
30; 0.35; -11.480043193340611; 0.05128699681979754; 0.014958933317830159; [0.2921732763915066, 0.4112381024862899, 0.43006473027687475, 0.4337884182146756, 0.4351680847504804, 0.4359014341969478, 0.436335086361324, 0.436614364318721, 0.43680557318793434, 0.4369446659172469, 0.4370450603923761, 0.4371168652015749, 0.4371690067205425, 0.4372043014887803, 0.43722501761772636, 0.4372339764282167, 0.437230121351339, 0.437212183392913, 0.4371767212599633, 0.43712202173391956, 0.43703947898419404, 0.4369172977388289, 0.4367372043940989, 0.4364659724758624, 0.4360351480565514, 0.435308431928632, 0.4339135971114785, 0.43018332685111194, 0.41129992976776397, 0.29207213778857255]; [0.7950208685228056, 0.6907244089021585, 0.631012147148875, 0.5888776723289578, 0.5554914059522116, 0.5269722934118322, 0.5012473710227886]
40; 0.0; 0.0; 1.0; 0.0; [0.0, 0.0, 0.0, 0.0, 0.0, 0.0, 0.0, 0.0, 0.0, 0.0, 0.0, 0.0, 0.0, 0.0, 0.0, 0.0, 0.0, 0.0, 0.0, 0.0, 0.0, 0.0, 0.0, 0.0, 0.0, 0.0, 0.0, 0.0, 0.0, 0.0, 0.0, 0.0, 0.0, 0.0, 0.0, 0.0, 0.0, 0.0, 0.0, 0.0]; [0.0, 0.0, 0.0, 0.0, 0.0, 0.0, 0.0, 0.0, 0.0, 0.0]
40; 0.025; -0.09743409871177677; 0.9039729905235627; 0.04460712509466802; [0.002494816248185927, 0.004977142044193306, 0.0049904163390808165, 0.0049905494396456085, 0.004990551180129588, 0.004990551205744431, 0.00499055120614611, 0.004990551206152771, 0.004990551206153215, 0.004990551206152993, 0.004990551206153437, 0.004990551206153437, 0.0049905512061536594, 0.0049905512061538815, 0.0049905512061538815, 0.0049905512061541035, 0.0049905512061541035, 0.0049905512061541035, 0.004990551206154326, 0.004990551206154326, 0.004990551206154548, 0.00499055120615477, 0.004990551206154992, 0.004990551206154992, 0.004990551206155214, 0.004990551206155658, 0.004990551206155214, 0.004990551206155658, 0.004990551206154992, 0.004990551206155214, 0.004990551206154548, 0.004990551206154326, 0.004990551206153437, 0.00499055120614722, 0.0049905512057457635, 0.004990551180127589, 0.004990549439487513, 0.004990416338653381, 0.004977142043974814, 0.0024948162480344926]; [0.011208272663061496, 0.00017406995715576977, 2.9662824056274866e-6, 5.1364095653345546e-8, 8.914399180462706e-10, 1.5473948958457226e-11, 2.6858295858085733e-13, 4.661513836953631e-15, 8.09018021131414e-17, 1.4040411475800175e-18]
40; 0.05; -0.3889323147045465; 0.8075650402396503; 0.08671668621713735; [0.00991817660569605, 0.019637032567548784, 0.01983706732315338, 0.019844854709966553, 0.01984525224723055, 0.01984527518850565, 0.019845276609650186, 0.019845276701900838, 0.01984527670809233, 0.019845276708518433, 0.01984527670854841, 0.019845276708548854, 0.019845276708548854, 0.019845276708549076, 0.019845276708548854, 0.01984527670854952, 0.019845276708549298, 0.019845276708549298, 0.01984527670854952, 0.019845276708549298, 0.019845276708549964, 0.019845276708549076, 0.019845276708549076, 0.019845276708549076, 0.019845276708549298, 0.019845276708548854, 0.01984527670854974, 0.01984527670854952, 0.01984527670854863, 0.019845276708544857, 0.019845276708517545, 0.019845276708092552, 0.01984527670190772, 0.019845276609672835, 0.019845275188604017, 0.01984525224743594, 0.019844854710274973, 0.01983706732337498, 0.01963703256773952, 0.009918176605784423]; [0.044329454463388714, 0.0027056406323243062, 0.0001852146645877039, 1.3290137822952252e-5, 9.726528038346726e-7, 7.175364719444905e-8, 5.309916518773808e-9, 3.9341696646649537e-10, 2.91617315747917e-11, 2.161934602449849e-12]
40; 0.075; -0.8719829586917793; 0.7132856634713471; 0.12268451538507286; [0.022094181594679574, 0.04318486611658656, 0.044100990872051105, 0.044177239210599684, 0.04418563607623316, 0.04418668468197251, 0.04418682547613484, 0.04418684530594552, 0.04418684819524188, 0.04418684862679867, 0.04418684869244949, 0.044186848702567394, 0.0441868487041448, 0.04418684870439171, 0.044186848704430126, 0.04418684870443701, 0.04418684870443612, 0.0441868487044379, 0.044186848704437676, 0.0441868487044379, 0.044186848704437454, 0.04418684870443834, 0.04418684870443812, 0.04418684870443701, 0.04418684870443568, 0.04418684870443057, 0.044186848704391046, 0.044186848704142134, 0.04418684870256384, 0.04418684869242373, 0.04418684862669475, 0.04418684819484198, 0.044186845304536426, 0.04418682547158537, 0.044186684671772, 0.0441856360586701, 0.044177239188069706, 0.04410099086103947, 0.04318486610706307, 0.022094181592778206]; [0.09783107825346937, 0.01303723442219654, 0.0019455730803899353, 0.0003047700048816532, 4.878917126453168e-5, 7.88390685044523e-6, 1.2789928390969617e-6, 2.078259136651602e-7, 3.37922208313837e-8, 5.4959914582904795e-9]
40; 0.1; -1.5420695977516798; 0.6215499035578281; 0.15257250896433705; [0.038748513109256644, 0.07435721026813624, 0.07687208199047668, 0.07721754593695929, 0.07728116627096249, 0.07729451433254964, 0.07729753223565372, 0.07729824914992522, 0.07729842557395461, 0.07729847015588165, 0.0772984816559028, 0.07729848467133094, 0.0772984854725518, 0.07729848568775455, 0.07729848574606835, 0.0772984857619865, 0.07729848576635812, 0.07729848576755938, 0.07729848576789489, 0.07729848576797926, 0.07729848576798215, 0.07729848576789378, 0.07729848576755716, 0.07729848576634946, 0.07729848576196319, 0.07729848574601195, 0.07729848568761422, 0.07729848547222185, 0.07729848467055822, 0.07729848165405695, 0.07729847015151958, 0.07729842556414024, 0.07729824912885497, 0.07729753222736924, 0.07729451431351197, 0.07728116625689219, 0.07721754593741026, 0.07687208198405959, 0.07435721024217123, 0.038748513087851544]; [0.16908932721579917, 0.038383311281196396, 0.00972639410965571, 0.0025915293325686223, 0.0007099418797534066, 0.00019765600915435343, 5.5551015853614764e-5, 1.5698148564995688e-5, 4.4501785353917815e-6, 1.2638653876273562e-6]
40; 0.125; -2.3921856319118713; 0.5338469187051051; 0.1770353803098672; [0.059519414093038514, 0.11150092309496284, 0.11661840350624098, 0.11761257297806749, 0.11787599574179386, 0.11795602451984966, 0.11798230842939161, 0.11799139645542822, 0.11799465623211924, 0.1179958581300864, 0.11799631088108709, 0.11799648438272037, 0.1179965518117938, 0.11799657832531274, 0.1179965888537522, 0.11799659306942778, 0.11799659476864943, 0.11799659545548646, 0.1179965957289959, 0.11799659582484323, 0.1179965958248923, 0.11799659572917687, 0.11799659545589569, 0.11799659476948743, 0.11799659307105292, 0.11799658885678621, 0.1179965783307444, 0.11799655182104218, 0.11799648439761912, 0.11799631090355445, 0.11799585816143487, 0.1179946562686236, 0.1179913964953736, 0.11798230847640645, 0.1179560245636897, 0.1178759957403459, 0.1176125730217048, 0.11661840353058239, 0.11150092310200499, 0.05951941411445416]; [0.25429591507394883, 0.08527626253138164, 0.031788004591043105, 0.012439046438316068, 0.005005748954611885, 0.0020509920746125416, 0.000850448052888125, 0.000355451084625688, 0.00014934276743699154, 6.296094124984932e-5]
40; 0.15; -3.4121970079946067; 0.4512776237067797; 0.19356923148293514; [0.08394612357759779, 0.15266762683606006, 0.1611508965166606, 0.16324019368470655, 0.1639570069304206, 0.16424127881461703, 0.16436365834983357, 0.16441927175660132, 0.16444553862814448, 0.1644583090897207, 0.1644646584166991, 0.16446787256258166, 0.1644695239885683, 0.1644703818816049, 0.16447083204120205, 0.1644710704968615, 0.16447119807605248, 0.16447126537350476, 0.16447129884518263, 0.16447131186524744, 0.16447131158767592, 0.16447129713637065, 0.1644712628013405, 0.16447119658933107, 0.1644710705893362, 0.1644708326088118, 0.16447038190181473, 0.16446952327496978, 0.16446787214185976, 0.16446465780487252, 0.16445830847873744, 0.16444553847764443, 0.1644192717127939, 0.16436365827090627, 0.1642412787669254, 0.16395700707535377, 0.16324019373794552, 0.16115089646894054, 0.1526676268102627, 0.08394612355554221]; [0.34836551816338884, 0.1568245394492107, 0.07804469072410751, 0.04068250109927882, 0.021782201300262687, 0.011868497972456551, 0.006546661476829529, 0.0036435531331800866, 0.0020412672528412738, 0.0011492200577188957]
40; 0.175; -4.5881543972087355; 0.37636162185880906; 0.20039651236641287; [0.11142156365099731, 0.1957224161460256, 0.20777238736395032, 0.21122383687740887, 0.212635816448707, 0.2133099840290873, 0.2136610888869992, 0.21385476998270514, 0.21396610013227324, 0.21403203899883105, 0.21407207755491697, 0.21409680798804098, 0.2141123920581256, 0.21412225606560842, 0.21412859292041064, 0.21413266155766641, 0.2141352930836733, 0.21413692888087654, 0.21413782916148105, 0.21413830323357064, 0.2141382818535178, 0.21413784012490078, 0.21413686574717916, 0.2141352613923242, 0.21413265872206888, 0.21412862842869074, 0.21412219197862914, 0.21411237711782527, 0.2140968515195787, 0.21407212017872834, 0.21403206538351616, 0.2139661131019115, 0.2138547867154379, 0.21366111386514275, 0.2133099928161879, 0.21263582836265793, 0.21122385124265697, 0.20777237908139568, 0.19572241783535493, 0.11142156568591699]; [0.4449181019796953, 0.25035582877160073, 0.1546940587083516, 0.09982310708093385, 0.06605394576283673, 0.04443219082452429, 0.030233903115236434, 0.020744483396273432, 0.01431918628262237, 0.009924877563479964]
40; 0.2; -5.901790270297234; 0.31034318472558553; 0.19655583674289545; [0.14110729635412556, 0.23847311546542338, 0.2536096634893674, 0.25829468872773154, 0.26042782207209036, 0.26157299232717723, 0.2622467923140763, 0.2626695076792276, 0.26294559173513776, 0.2631301506341246, 0.2632587309037768, 0.26334991678220665, 0.2634150020201238, 0.2634620851473315, 0.2634952904254253, 0.2635193169479306, 0.26353681618157987, 0.26354754304493966, 0.2635543112226064, 0.26355793062421173, 0.2635577540914025, 0.26355394812342636, 0.2635460195842694, 0.2635342741784601, 0.2635168868034179, 0.26349251395586415, 0.2634587162892259, 0.2634123416249188, 0.26334784659511024, 0.26325778695340873, 0.26312969229996863, 0.2629439078677276, 0.26266829855095963, 0.2622462990204939, 0.2615727256178866, 0.2604265383279707, 0.2582933533235785, 0.2536080618206207, 0.23847249487357125, 0.14110661317209927]; [0.5364055750370865, 0.35602353018557803, 0.25748027282241753, 0.19367851018572155, 0.14897664764878696, 0.11620362117973243, 0.09145655976086502, 0.07238823251999388, 0.05748753602605993, 0.045729100155871547]
40; 0.225; -7.3306886798744255; 0.25392987313810345; 0.181358136294973; [0.17181726777278838, 0.2788173036295354, 0.29604154823449647, 0.30142217678930616, 0.3039980062625549, 0.3054600648047576, 0.30637634177772655, 0.3069843547636646, 0.3074082255627715, 0.3077207979502645, 0.3079465063673579, 0.3081171097079649, 0.3082458106571928, 0.30834542875574167, 0.30842045891553327, 0.3084747037232767, 0.30851996735891696, 0.30854746928753496, 0.3085644600656856, 0.30857530491510365, 0.30857705720759454, 0.308567121334707, 0.30854596080067465, 0.308514904885419, 0.3084711602442438, 0.3084127970111463, 0.30833593127597325, 0.30823478123197634, 0.3081024089148614, 0.3079308102841971, 0.3077021688077539, 0.3073944248746687, 0.3069672196587665, 0.3063567213263543, 0.3054409597445946, 0.3039796675347626, 0.30141290199842063, 0.29602934991992, 0.2788013370412783, 0.17179148972547487]; [0.614658652187943, 0.4570113996391353, 0.3671284390226684, 0.305228880948182, 0.2585520311197219, 0.2214261647883708, 0.1908572151693568, 0.16508987347272258, 0.1430235848438025, 0.12391353277552483]
40; 0.25; -8.850093471525964; 0.20587584806605896; 0.1564606537001616; [0.201939907276927, 0.3149608854326711, 0.3331538180807474, 0.33857104787527437, 0.34114086383669195, 0.3426020237463052, 0.3435557452776288, 0.3441863105138012, 0.3446487554836024, 0.34499437102925223, 0.3452353714767815, 0.345429127593307, 0.3455754084500451, 0.3456929612723927, 0.3457836750414216, 0.3458465539300921, 0.3459036106046105, 0.34594092835130863, 0.3459653196176049, 0.345981497549291, 0.34598603879100787, 0.345975344394317, 0.3459521276499078, 0.34591910558064276, 0.3458638451798348, 0.3458033404309506, 0.3457117150324185, 0.3455980370782583, 0.34545078489868186, 0.3452567103563309, 0.34500576352072887, 0.3446720965085537, 0.3442161726253201, 0.34358012131269877, 0.342635053657087, 0.3411412034527428, 0.3385563369323976, 0.33313184022986375, 0.3149242532577605, 0.2018441879518238]; [0.6744636461873822, 0.5374726260909716, 0.45904530616356815, 0.403951006562862, 0.3610727953321894, 0.32560855667987104, 0.2950770518409013, 0.2680949540373314, 0.24380720019438018, 0.22166801126344515]
40; 0.275; -10.437024191448767; 0.1629123622268711; 0.12530279366071362; [0.2297177305393837, 0.3458752405642811, 0.3642424729043332, 0.36925300518681614, 0.3715439412990107, 0.3728284259663721, 0.3736377720484101, 0.37419326063315594, 0.3745760407881109, 0.3748424415880529, 0.375054706945934, 0.37521071755907975, 0.3753418164637454, 0.3754331760949323, 0.3755142005537444, 0.3755763203027782, 0.37562567035232863, 0.37565943244659383, 0.3756855189133175, 0.3757037670738921, 0.37571197118121846, 0.37570525966149804, 0.3757039449260611, 0.37567478614835315, 0.37564082799196985, 0.3755866678270918, 0.3755155648614401, 0.3754234344121703, 0.3752997317430602, 0.3751401670551795, 0.3749360419706529, 0.3746551450731326, 0.3742748947952266, 0.37373171989779763, 0.3729212746285018, 0.3716166277588673, 0.3693178697375432, 0.3643029326054661, 0.3458660765032031, 0.22957836293076506]; [0.7174806597276437, 0.5945408240973257, 0.5245137022835833, 0.4752054008456008, 0.43646016198158977, 0.4039473261637449, 0.375422118012118, 0.3496530818927189, 0.32589393672670747, 0.30366036871716573]
40; 0.3; -12.07391278017073; 0.12233250145415475; 0.09053976188051394; [0.25419965202537464, 0.3717199759045082, 0.3900507503725612, 0.3944956192830076, 0.396420912134398, 0.3974608795886396, 0.3981116782487901, 0.3985200808425775, 0.3988251137637986, 0.3990074297803621, 0.3991849512517711, 0.399300412713115, 0.39939238775151575, 0.39946774134471386, 0.39952634461854286, 0.3995734508718365, 0.3996247724188231, 0.399656823342599, 0.3996833205422954, 0.39969869748493614, 0.39971363994264575, 0.39971850407082266, 0.39971386939966114, 0.39969839896347326, 0.39968652269817695, 0.3996570476718344, 0.39960688281466594, 0.39955774916080067, 0.39947029916093646, 0.39934950683431114, 0.3992069224709691, 0.39899704467597585, 0.398706264984535, 0.39828576052388254, 0.3976440475644356, 0.3965694212831261, 0.39463142641185267, 0.39015752900578327, 0.3717507696242561, 0.2540080725601863]; [0.7489938422173906, 0.6349882154534979, 0.5701573170447788, 0.524554467378884, 0.48866927754532813, 0.45841267118180895, 0.43169911187676685, 0.4073817411387748, 0.38474707867231467, 0.36333279400020635]
40; 0.325; -13.748698112305895; 0.08264712514755246; 0.053789750721689344; [0.2750582048256548, 0.39314450211969376, 0.4115231915848314, 0.4155216100046306, 0.417098785562555, 0.4179604722818604, 0.4184575983921168, 0.4187743279719609, 0.4190068344831277, 0.4191604706403409, 0.4192875867061663, 0.4193725658960934, 0.41944449546116447, 0.419503018042118, 0.4195464347879858, 0.4195876213934653, 0.41962545910450144, 0.41965062204996606, 0.4196695809380706, 0.4196951466661156, 0.4197112891062751, 0.4197190421055903, 0.41972806017396214, 0.41972699045279227, 0.4197229964839164, 0.41971015942802836, 0.4196878490586522, 0.419652112883278, 0.41960021147984805, 0.41952572147131884, 0.41943151874490425, 0.419274810069572, 0.41906898572007045, 0.4187416363099685, 0.4182343575219616, 0.41737064105663424, 0.4157502374625195, 0.41175156498660836, 0.39324127611049686, 0.2748264607739057]; [0.7731337918500765, 0.6651269997395268, 0.6036517014712697, 0.5604774681355763, 0.526520372055835, 0.49790311594100006, 0.47261229866797605, 0.4495160320590572, 0.4279428203642555, 0.40743623689855246]
40; 0.35; -15.453153467560389; 0.043189726308822785; 0.015672950493190285; [0.2925373155503411, 0.41100117292793326, 0.4297411794762249, 0.43339450710050675, 0.43473005998249237, 0.435431463432022, 0.43585129418992996, 0.4360931994467405, 0.4362520784956121, 0.43638825283009375, 0.43649418875463675, 0.43657045098563807, 0.436630090016922, 0.4366805612419449, 0.43671615288819976, 0.4367431947619467, 0.4367711563175054, 0.4368076380849757, 0.4368346141615882, 0.43685006785719827, 0.4368734102546188, 0.43689589568342213, 0.4369055545495639, 0.43691584251961424, 0.43691945241351005, 0.4369223938227682, 0.4369145637711611, 0.4368962371288174, 0.4368696184706278, 0.43682089816450276, 0.4367453195548039, 0.4366331423418712, 0.43647017379179265, 0.43621420663548993, 0.43581528947591575, 0.4350872084258184, 0.4337091492665692, 0.4300367016033382, 0.4111781289489129, 0.2923200815039725]; [0.7924705011255129, 0.6888449109287895, 0.6297161629651661, 0.5882860845973048, 0.5558016159802289, 0.5284590643183193, 0.5043011736153992, 0.4822342933621668, 0.4615847708388051, 0.4419112790345137]
